frankpost.txt
ncols         267
nrows         420
xllcorner     201388.11327243
yllcorner     536839.08538242
cellsize      1.0003382342261
NODATA_value  -9999
[rows 93 to 123 of 420, columns 69 to 137 of 267]
4.472148 4.545698 4.586726 4.680909 4.747028 4.825064 4.883226 4.870483 4.791214 4.684597 4.625703 4.496104 4.45016 4.480991 4.510065 4.455148 4.424623 4.374271 4.354453 4.292201 4.197196 3.930566 3.633919 2.879409 2.280587 2.16102 2.039056 1.917091 1.795126 1.644908 1.618409 1.568897 1.540889 1.496124 1.447093 1.402315 1.371579 1.322677 1.247897 1.239209 1.184418 1.115184 1.096506 1.07337 1.035289 0.9700015 0.9287068 0.906513 0.8748539 0.8591681 0.8429794 0.796928 0.7910104 0.7678432 0.7003807 0.6848925 0.6632801 0.6371229 0.62 0.5882598 0.58 0.5294449 0.5123584 0.4796928 0.4593931 0.4529575 0.4209187 0.4041043 0.3809891
4.681675 4.640857 4.608312 4.600063 4.678953 4.739539 4.802441 4.821512 4.784704 4.706402 4.632182 4.523547 4.452928 4.443595 4.445667 4.448323 4.41452 4.383045 4.344477 4.29028 4.080416 3.80876 3.440497 2.757712 2.208258 2.128614 2.071037 2.015554 1.896931 1.719426 1.624419 1.6 1.562134 1.500423 1.47939 1.426701 1.358191 1.340359 1.298928 1.209233 1.175827 1.150775 1.097518 1.063991 1.022546 0.98 0.9698285 0.9672198 0.9340014 0.9292393 0.9075237 0.8617581 0.8253531 0.8384624 0.731114 0.7097378 0.716179 0.6865353 0.6527798 0.648587 0.5950321 0.5604371 0.5168238 0.4897174 0.4919579 0.4786486 0.4521983 0.4278907 0.4085165
4.747409 4.684949 4.64281 4.675665 4.675535 4.694468 4.711281 4.716169 4.708927 4.679326 4.642855 4.451123 4.479903 4.468302 4.450183 4.426756 4.37353 4.329736 4.275338 4.180963 4.046815 3.835901 3.796241 3.053566 2.363271 2.257432 2.227236 2.176159 2.012977 1.782898 1.689659 1.663074 1.610712 1.554507 1.473357 1.426712 1.399646 1.391097 1.357187 1.277053 1.197109 1.15255 1.128128 1.077687 1.034928 0.995663 1.00312 0.9879386 0.9527799 0.9352852 0.8804173 0.8945557 0.8390248 0.8323205 0.7490925 0.7640446 0.7363928 0.6953517 0.6942227 0.6667062 0.6425838 0.5952771 0.5560678 0.5645677 0.5113565 0.4857785 0.4805311 0.4617018 0.417856
4.495413 4.505315 4.536658 4.542001 4.457902 4.394005 4.430009 4.379535 4.344979 4.336215 4.341194 4.264421 4.257288 4.262659 4.204075 4.161682 4.156126 4.118642 4.100158 3.988659 3.966806 3.91218 3.890066 3.393612 2.745095 2.446046 2.23503 2.124417 2.029119 1.880319 1.812278 1.778509 1.687402 1.61141 1.557233 1.500464 1.430341 1.403897 1.350553 1.287873 1.247898 1.195907 1.143528 1.123248 1.047115 1.016542 1.002884 1.013305 1.006385 0.9729468 0.9333608 0.8963097 0.845412 0.8085327 0.7961313 0.7365184 0.7422765 0.7345632 0.7343381 0.6974229 0.6661743 0.6443636 0.5812206 0.5695874 0.5218276 0.4954733 0.4740165 0.4368562 0.4149531
4.418339 4.391173 4.396649 4.391746 4.360176 4.377445 4.335236 4.339999 4.296071 4.298937 4.284484 4.247032 4.219503 4.220608 4.165404 4.167281 4.110618 4.104482 4.040766 4.026358 3.954846 3.92868 3.870805 3.793843 3.241398 2.872105 2.557399 2.295275 2.09563 2.002394 1.928363 1.890693 1.760573 1.672115 1.648971 1.564403 1.472628 1.406834 1.345338 1.304853 1.276184 1.203753 1.118062 1.104893 1.094358 1.035453 1.043654 1.030042 1.007959 0.9589712 0.9748089 0.9434381 0.9094073 0.8663599 0.8385419 0.7802338 0.7731333 0.7745456 0.7715376 0.7301609 0.7338704 0.7000983 0.63 0.5759324 0.5238671 0.5020198 0.4868543 0.4554614 0.4194857
4.405418 4.393694 4.422778 4.390936 4.362379 4.388472 4.34549 4.322805 4.30316 4.289361 4.292485 4.249693 4.215044 4.184337 4.18 4.131712 4.104605 4.072172 4.044886 4.01 3.969248 3.915196 3.907377 3.782842 3.532398 3.130873 2.812426 2.575173 2.25441 2.14555 2.080199 2.059049 1.953224 1.720934 1.68523 1.582465 1.475087 1.434269 1.381315 1.340745 1.345974 1.292185 1.183217 1.12303 1.123078 1.122404 1.072046 1.036664 1.016078 1.010703 0.9913883 0.9769287 0.9371485 0.8917575 0.8550454 0.7741728 0.7876593 0.8082559 0.7751909 0.7647784 0.7433863 0.6688128 0.6285203 0.5656306 0.5335456 0.4993443 0.4803378 0.4538606 0.435135
4.446815 4.41126 4.410698 4.368008 4.373942 4.364086 4.364071 4.355596 4.309275 4.290861 4.294325 4.260654 4.208305 4.209051 4.163534 4.15194 4.119017 4.1 4.043724 4.020924 3.972283 3.942984 3.898181 3.843525 3.664737 3.424525 2.988155 2.721533 2.334978 2.216788 2.137868 2.165212 1.976759 1.773472 1.68347 1.59385 1.512611 1.463632 1.402436 1.404932 1.383818 1.361672 1.28664 1.224914 1.15967 1.167959 1.106266 1.046749 1.022378 1.019843 1.008103 1.002038 0.9633774 0.9240182 0.8527792 0.7923391 0.8025289 0.8297692 0.7979583 0.7736779 0.7560332 0.6898708 0.6256634 0.5801615 0.5216048 0.4785431 0.4851644 0.46686 0.4515057
4.427191 4.409154 4.41955 4.403709 4.387916 4.375919 4.361113 4.357077 4.325787 4.286943 4.25373 4.232754 4.21941 4.205388 4.180285 4.136917 4.102148 4.076593 4.037656 4.008533 3.963851 3.952838 3.89744 3.859505 3.647985 3.43479 3.137611 2.81929 2.475687 2.28986 2.237752 2.197608 2.000656 1.799654 1.713307 1.668826 1.557653 1.482296 1.463711 1.438532 1.406321 1.366241 1.3127 1.254442 1.192138 1.185365 1.113558 1.061803 1.038612 1.057042 1.05702 1.020374 0.97826 0.9577871 0.8941097 0.8331382 0.8163676 0.8042795 0.7595397 0.7374553 0.747362 0.6668912 0.6090638 0.5636526 0.5546724 0.5368449 0.5179128 0.4976277 0.4776006
4.415299 4.390241 4.381578 4.371878 4.381529 4.351295 4.336835 4.34484 4.31945 4.301456 4.26925 4.228244 4.217315 4.175644 4.152133 4.101126 4.113381 4.091636 4.038791 4.019513 4.016041 3.957704 3.919973 3.836719 3.591187 3.411363 3.155482 2.875146 2.619884 2.410875 2.2648 2.140117 1.93858 1.85816 1.763002 1.68946 1.673842 1.532763 1.477931 1.479221 1.45087 1.376495 1.338824 1.251977 1.21 1.177953 1.121554 1.08 1.099215 1.089884 1.036897 1.042662 1.013456 0.9993235 0.926395 0.8919705 0.8434243 0.7774414 0.7426024 0.7114272 0.6908894 0.6566304 0.6227442 0.5952253 0.5626863 0.5670189 0.5329362 0.531855 0.4947107
4.376727 4.321618 4.417455 4.377417 4.372109 4.356625 4.320629 4.351482 4.289649 4.313834 4.250595 4.242046 4.238706 4.195577 4.169999 4.135201 4.098845 4.170941 4.174695 4.179489 4.114132 4.08879 4.073993 3.9747 3.787728 3.450567 3.081953 2.772455 2.574533 2.408643 2.248854 2.126079 2.013972 1.88001 1.797582 1.725708 1.649361 1.549578 1.532266 1.49687 1.451689 1.378325 1.346055 1.255265 1.21637 1.201999 1.145937 1.109165 1.100766 1.09247 1.067834 1.018937 1.011804 0.9706888 0.9452487 0.8994973 0.8633923 0.8069659 0.7801725 0.758347 0.7259205 0.6864296 0.6632266 0.6445349 0.6087053 0.5845778 0.5726842 0.5276993 0.4989143
4.590577 4.7127 4.720225 4.596546 4.467254 4.400528 4.375283 4.367385 4.373278 4.347486 4.327281 4.267218 4.266628 4.250788 4.221738 4.187182 4.174826 4.17961 4.274615 4.355597 4.313345 4.293053 4.251324 4.147916 4.035397 3.650093 3.03677 2.655847 2.49319 2.326613 2.249186 2.165735 2.095506 2.01715 1.918031 1.828673 1.73752 1.640285 1.541839 1.527435 1.490594 1.430134 1.354394 1.292302 1.237661 1.195451 1.160149 1.150561 1.129674 1.073889 1.083923 1.051206 1.036644 0.9554589 0.9411814 0.9115587 0.8975269 0.8467163 0.7994241 0.7972212 0.7973247 0.7411163 0.7042833 0.6614864 0.6474094 0.6081886 0.5943967 0.5567479 0.5134469
4.713796 4.794596 4.823321 4.784841 4.721962 4.48028 4.463181 4.450412 4.387406 4.393018 4.383696 4.333904 4.336656 4.302502 4.272916 4.249658 4.259926 4.210332 4.265354 4.359589 4.378432 4.361232 4.308846 4.254344 4.161734 3.721583 3.154086 2.846912 2.711791 2.540482 2.444904 2.394784 2.367478 2.344765 2.212439 2.114786 1.930518 1.727273 1.608497 1.53836 1.53651 1.495528 1.370947 1.304022 1.246737 1.224996 1.18951 1.135289 1.132633 1.105084 1.063944 1.048807 1.04 1.001953 0.952476 0.9349685 0.904527 0.8874567 0.8726752 0.8367842 0.7935137 0.782219 0.7324918 0.7101383 0.6790335 0.6322421 0.5908568 0.5407748 0.5244867
4.622197 4.733292 4.810144 4.807258 4.810635 4.667855 4.569503 4.481999 4.458811 4.46 4.436723 4.405398 4.377666 4.327271 4.339993 4.292791 4.27439 4.261683 4.23591 4.272002 4.41041 4.398283 4.35113 4.310951 4.264272 3.93505 3.505102 3.284776 3.137874 3.016619 2.875484 2.856476 2.876216 2.817455 2.725654 2.549341 2.255659 1.977809 1.68569 1.558933 1.536348 1.50236 1.384055 1.32103 1.2838 1.227357 1.182094 1.183437 1.156725 1.108829 1.066669 1.05704 1.049882 1.024338 0.9692733 0.963986 0.9549362 0.9165847 0.8832625 0.8676251 0.8346198 0.8303156 0.7776027 0.7217708 0.6813435 0.6546831 0.6150228 0.5771454 0.5318387
4.573164 4.623674 4.739662 4.797278 4.829466 4.859409 4.693228 4.562815 4.50644 4.514456 4.475231 4.424462 4.415459 4.38324 4.348907 4.360343 4.344703 4.306536 4.310556 4.317883 4.368611 4.379049 4.346133 4.374761 4.331948 4.133024 3.980771 4.044448 3.756212 3.611539 3.544937 3.573134 3.521436 3.438567 3.257163 3.082342 2.805258 2.376469 1.850997 1.550798 1.454108 1.424961 1.367609 1.308341 1.294417 1.248294 1.219411 1.185174 1.153559 1.143344 1.110521 1.064771 1.046863 1.042001 1.015677 0.9817799 0.9724444 0.9504408 0.9515786 0.9163361 0.8890297 0.8437473 0.7886993 0.7529847 0.6996225 0.6691033 0.6244346 0.595947 0.5475039
4.619775 4.606978 4.666047 4.703323 4.78216 4.749757 4.697509 4.537493 4.504497 4.49836 4.500766 4.52225 4.429785 4.46397 4.409354 4.394849 4.375136 4.368251 4.373499 4.344189 4.345798 4.334842 4.317413 4.32259 4.315829 4.259455 4.244405 4.272054 4.23885 4.198756 4.166795 4.076823 3.987194 3.979483 3.781653 3.650751 3.384032 2.771482 2.062413 1.681749 1.493577 1.45227 1.384911 1.336472 1.305231 1.267383 1.233719 1.207623 1.185851 1.135259 1.1 1.101469 1.059168 1.03011 1.030305 0.9971175 1.01 0.9552467 0.9635901 0.9625397 1.075063 0.9161914 0.8652928 0.7853584 0.7370805 0.6920236 0.633527 0.6131997 0.5562332
4.589097 4.635126 4.584356 4.604348 4.616497 4.574101 4.586486 4.438097 4.367947 4.247914 4.384499 4.532386 4.302944 4.408264 4.397978 4.393074 4.424695 4.416613 4.416203 4.398856 4.382043 4.328996 4.325004 4.262833 4.288808 4.260124 4.287202 4.28 4.26822 4.238671 4.197715 4.147966 4.111749 4.050149 4.023398 3.967976 3.658288 2.982075 2.20612 1.788434 1.563441 1.468333 1.405501 1.409998 1.352529 1.257049 1.218102 1.201112 1.138111 1.080845 1.197108 1.125657 1.000569 1.02555 0.9706389 0.9070187 0.9692823 1.448037 1.628656 2.457689 3.172188 1.031772 0.9256811 0.837975 0.7577881 0.6988385 0.6518183 0.6141952 0.5671242
4.618203 4.727955 4.70731 4.620354 4.742758 4.693813 4.804322 4.702606 4.58513 4.432546 4.505873 4.384714 4.215368 4.291299 4.307839 4.305107 4.326469 4.386147 4.461912 4.447016 4.4231 4.398079 4.366467 4.334015 4.302112 4.278527 4.301574 4.304415 4.297147 4.257436 4.224713 4.187775 4.133072 4.105262 4.045745 3.986722 3.703967 2.864645 2.133958 1.950927 1.782337 1.627606 1.5619 1.414834 1.343181 1.118805 1.509877 2.057539 1.319756 2.331173 4.799763 3.627595 2.239388 1.856489 1.529077 1.630457 2.163044 2.600105 3.023185 3.761901 4.736162 2.772491 0.940703 0.887647 0.8136985 0.7395191 0.6907018 0.6504013 0.5911233
4.705609 4.746871 4.847672 4.892592 4.893808 4.911941 4.939532 4.927132 4.799134 4.727497 4.728086 4.558373 4.296669 4.174046 4.182901 4.253901 4.342676 4.431451 4.522207 4.536198 4.477467 4.410216 4.397451 4.364551 4.300209 4.341251 4.32864 4.313349 4.311345 4.274117 4.201116 4.156443 4.14177 4.100122 4.071013 4.03368 3.71163 2.964254 2.494533 2.328581 2.199738 2.045562 1.884098 2.14175 2.571648 3.048074 3.751739 4.057891 4.26316 4.582656 4.786483 4.352242 3.269528 3.035167 2.720233 2.876359 3.40803 3.833379 4.258727 4.672604 4.689227 3.892861 1.037341 0.9477188 0.8518448 0.8002699 0.7037832 0.6758174 0.6047453
4.716917 4.74286 4.776895 4.939754 4.958492 5.052187 5.040285 5.028257 5.088321 5.029791 4.912515 4.739456 4.46664 4.178691 4.269434 4.360177 4.45246 4.545456 4.638452 4.514302 4.51769 4.43565 4.2721 4.365151 4.218734 4.26571 4.325702 4.32895 4.294405 4.255463 4.197669 4.134459 4.080149 4.083037 4.065111 3.97732 3.692039 3.257645 3.097085 2.912829 2.728573 2.544317 2.360062 2.646312 3.701342 4.325058 4.813585 4.808086 4.764566 4.780651 4.758447 4.752376 4.651335 4.13078 3.911389 4.146626 4.641304 4.66485 4.669256 4.656596 4.679488 4.670159 2.90732 1.002242 0.8965484 0.8398072 0.758517 0.6851316 0.6372185
5.098429 5.214539 5.079955 5.236026 5.227157 5.391919 5.281788 5.415423 5.398846 5.345066 5.238702 4.968372 4.682103 4.440324 4.476442 4.569438 4.662433 4.755429 4.827507 4.623101 4.757639 4.982948 4.637843 4.641026 4.68692 4.699404 4.354578 4.67205 4.389277 4.87384 4.099165 4.005044 3.933092 3.935816 3.856402 3.823037 3.692474 3.683355 3.59584 3.411585 3.227329 3.043073 2.858818 2.891537 3.488458 4.520864 4.814743 4.81556 4.804963 4.79402 4.763202 4.747646 4.73791 4.678932 4.668279 4.670229 4.617469 4.686441 4.683153 4.64208 4.661536 4.694723 4.715609 1.88327 0.9550514 0.8584036 0.7749543 0.7130138 0.6731052
5.420956 5.403034 5.447201 5.472009 5.46362 5.47562 5.48 5.469572 5.478829 5.46758 5.469909 5.229276 4.9168 4.79506 4.714067 4.779411 4.872407 4.965403 4.978487 4.765488 5.442124 5.478191 5.449748 5.476425 5.450009 5.455585 5.450884 5.477814 5.522613 4.942502 4.265219 4.179183 4.081384 4.018473 4.070865 3.958465 3.919293 3.925032 3.93077 3.897733 3.726084 3.541829 3.357573 3.173317 3.643888 4.330603 4.809232 4.833467 4.817345 4.793048 4.774463 4.727901 4.698809 4.646505 4.674806 4.700283 4.717717 4.703856 4.691282 4.655192 4.67716 4.703972 4.702939 1.929081 1.026245 0.9258571 0.8163427 0.7604001 0.689615
5.521459 5.44192 5.463591 5.474874 5.455004 5.481417 5.498675 5.471514 5.47904 5.494889 5.50427 5.359129 5.275851 5.148341 5.02545 4.995551 5.08238 5.175376 5.120873 5.222195 5.490376 5.444503 5.454994 5.462107 5.453273 5.46 5.451003 5.506116 5.546996 4.919206 4.519825 4.422027 4.196177 4.251783 4.247577 4.140374 4.146112 4.151851 4.157589 4.163328 4.162465 4.040585 3.856329 3.672073 3.898975 4.39624 4.712035 4.826766 4.815304 4.805574 4.786128 4.707285 4.71489 4.650393 4.676664 4.729695 4.697381 4.722628 4.701035 4.685623 4.668421 4.647015 4.671276 4.049611 1.091354 0.96693 0.870567 0.7955146 0.7336573
5.558547 5.513306 5.45 5.480992 5.457939 5.485813 5.512753 5.496672 5.503943 5.516397 5.475942 5.30621 5.349451 5.467765 5.336832 5.306933 5.292354 5.356667 5.290069 5.493754 5.370866 5.399441 5.475324 5.47 5.460554 5.501801 5.48337 5.51241 5.493386 4.991518 4.762669 4.494884 4.42963 4.471811 4.383006 4.367194 4.372932 4.378671 4.384409 4.390148 4.395886 4.401625 4.355084 4.170829 4.154062 4.651327 4.787436 4.833738 4.803545 4.808471 4.793606 4.791745 4.765236 4.798372 4.761403 4.794565 4.77 4.775876 4.740377 4.698987 4.691242 4.679997 4.618644 4.691368 2.486528 1.030628 0.943926 0.8460967 0.757117
5.539935 5.460581 5.466247 5.506094 5.49226 5.50806 5.51941 5.501381 5.500843 5.497621 5.472006 5.274722 5.351662 5.461035 5.493898 5.473917 5.47 5.495866 5.506538 5.375595 5.192379 5.42329 5.479686 5.477914 5.46716 5.491943 5.495498 5.529208 5.49288 5.103311 4.868565 4.607334 4.65273 4.672118 4.588275 4.594013 4.599752 4.60549 4.611229 4.616967 4.622706 4.628444 4.634183 4.639921 4.485329 4.80163 4.888178 4.827256 4.81584 4.80944 4.78906 4.788128 4.785582 4.808444 4.788327 4.78924 4.783041 4.768405 4.769434 4.721997 4.71 4.661363 4.665108 4.669264 2.975508 1.090987 0.9722773 0.9072022 0.7896606
5.500638 5.46624 5.478333 5.505445 5.501206 5.5193 5.510707 5.507683 5.526179 5.510585 5.538831 5.469374 5.471672 5.49656 5.480431 5.491888 5.481172 5.500857 5.518834 5.43806 5.393361 5.491209 5.507411 5.509874 5.50541 5.515123 5.504344 5.539288 5.512027 5.241419 4.877248 4.833647 4.872758 4.809356 4.815094 4.820833 4.826571 4.83231 4.838048 4.843787 4.849525 4.855264 4.861002 4.866741 4.872479 4.845917 4.876483 4.827363 4.813387 4.791246 4.796011 4.771736 4.769118 4.793687 4.799723 4.785047 4.787573 4.78913 4.783762 4.759767 4.721906 4.680795 4.625678 4.615744 4.230071 1.890666 1.020474 0.9117537 0.832173
5.498013 5.506287 5.482759 5.504256 5.506665 5.514149 5.528044 5.506232 5.537537 5.542573 5.555261 5.55 5.533573 5.510393 5.502468 5.510533 5.520872 5.518029 5.522802 5.512062 5.511261 5.523817 5.527641 5.521863 5.53 5.527592 5.495311 5.537624 5.512916 5.175554 5.014565 5.053676 5.092786 5.036176 5.041914 5.047653 5.053391 5.05913 5.064868 5.070607 5.076345 5.06435 5.015487 4.975981 4.917254 4.858526 4.797729 4.809434 4.790649 4.76917 4.764702 4.762694 4.739727 4.768469 4.791018 4.769287 4.79533 4.78 4.78819 4.783773 4.770993 4.724867 4.640005 4.629406 4.656429 2.507496 1.074703 0.9579468 0.8944922
5.518768 5.500603 5.479303 5.520782 5.512322 5.547953 5.547646 5.548571 5.538744 5.547234 5.556946 5.542377 5.5418 5.546176 5.512961 5.521077 5.541499 5.540945 5.542382 5.540197 5.531267 5.532205 5.528154 5.529611 5.554181 5.542982 5.549716 5.544744 5.562778 5.266281 5.234594 5.273705 5.257257 5.262995 5.268734 5.274472 5.280211 5.285949 5.253057 5.204194 5.155332 5.119211 5.072549 5.013821 4.955093 4.896366 4.837638 4.787014 4.787227 4.751467 4.753596 4.75405 4.708825 4.734173 4.759522 4.784871 4.792298 4.822707 4.794193 4.799155 4.751395 4.689229 4.663425 4.628073 4.691037 2.847398 1.175667 1.01364 0.9200897
5.498874 5.510699 5.500159 5.537044 5.538919 5.549016 5.563298 5.54959 5.541387 5.559421 5.559099 5.554972 5.554778 5.551168 5.548166 5.544063 5.531261 5.546602 5.55 5.55 5.551784 5.54843 5.52145 5.54 5.55701 5.556198 5.541425 5.554483 5.528652 5.278735 5.453629 5.493733 5.484076 5.489815 5.490626 5.441763 5.392901 5.344038 5.295521 5.260072 5.224623 5.169116 5.110388 5.051661 4.992933 4.934206 4.875478 4.809117 4.822728 4.770818 4.746716 4.744023 4.674529 4.705295 4.745681 4.785722 4.792911 4.791039 4.788286 4.780726 4.771413 4.69925 4.686447 4.690338 4.660556 3.855306 2.164777 1.087281 0.9848191
5.516932 5.523888 5.520032 5.527502 5.54441 5.562525 5.549131 5.561244 5.553468 5.538417 5.551668 5.543377 5.557168 5.568109 5.543148 5.583845 5.584421 5.571078 5.552598 5.564084 5.559548 5.549884 5.571823 5.525102 5.536197 5.568079 5.558772 5.542548 5.360075 5.143558 5.246307 5.679333 5.63047 5.581608 5.532745 5.483882 5.436382 5.400933 5.365484 5.324411 5.265683 5.206955 5.148228 5.0895 5.030773 4.971623 4.908509 4.845395 4.819576 4.810038 4.779265 4.742861 4.721714 4.730399 4.753017 4.776989 4.782207 4.801279 4.786551 4.782137 4.782498 4.736036 4.7 4.690424 4.699497 4.234769 2.363268 1.162623 0.9926702
5.541242 5.521582 5.541728 5.547948 5.542104 5.541116 5.555856 5.555362 5.573075 5.57516 5.568256 5.56 5.569395 5.570662 5.555854 5.577431 5.581405 5.596583 5.570388 5.562066 5.579808 5.585897 5.559126 5.554338 5.54073 5.579958 5.547804 5.582587 5.393544 5.3683 5.345233 5.71006 5.672589 5.623727 5.577242 5.541794 5.506345 5.470896 5.420978 5.362251 5.303523 5.244795 5.186068 5.123607 5.060493 4.997379 4.925142 4.857371 4.796144 4.786791 4.764559 4.759778 4.766182 4.777179 4.78677 4.786402 4.780833 4.78 4.783062 4.762945 4.784958 4.761699 4.699295 4.671942 4.705614 4.614233 3.216851 1.8525 1.042518
5.533201 5.52 5.543335 5.554672 5.551122 5.547163 5.530545 5.558257 5.579463 5.57605 5.584947 5.565764 5.585234 5.565615 5.589108 5.572429 5.571497 5.555627 5.568199 5.581971 5.587094 5.584622 5.581689 5.561058 5.563952 5.574119 5.562719 5.577809 5.490907 5.547198 5.603164 5.699258 5.718103 5.682655 5.647206 5.611757 5.576273 5.517546 5.458818 5.40009 5.338706 5.275592 5.207062 5.12674 5.055543 4.985218 4.923991 4.862763 4.801536 4.739882 4.776081 4.827816 4.784654 4.793359 4.805329 4.779309 4.782959 4.80691 4.799294 4.765687 4.79039 4.781843 4.693072 4.669691 4.696026 4.711516 3.511603 2.185577 1.135941
