frankpost.txt
ncols         267
nrows         420
xllcorner     201388.11327243
yllcorner     536839.08538242
cellsize      1.0003382342261
NODATA_value  -9999
[rows 186 to 216 of 420, columns 138 to 206 of 267]
5.01853 5.048573 5.076 5.103427 5.130853 5.15828 5.185707 5.213133 5.24056 5.268192 5.322957 5.387653 5.264371 5.176546 5.077029 4.931675 4.788489 4.748336 4.77746 4.799035 4.823666 4.828844 4.808939 4.808897 4.768917 4.777472 4.681375 1.564202 0.7704633 0.6745856 0.6057718 0.5731217 0.4960428 0.4393972 0.3955471 0.3614289 0.3318111 0.3018823 0.2780999 0.2335652 0.2262177 0.2078432 0.1749063 0.1403332 0.13 -9999 -9999 -9999 -9999 -9999 -9999 -9999 -9999 -9999 -9999 -9999 -9999 -9999 -9999 -9999 -9999 -9999 -9999 -9999 -9999 -9999 -9999 -9999 -9999
5.061202 5.088628 5.116055 5.143481 5.170907 5.198334 5.225761 5.253447 5.281216 5.32234 5.433918 5.545497 5.450488 5.241062 5.121204 5.021694 4.982305 4.916126 4.743087 4.816149 4.773971 4.787824 4.829115 4.823832 4.797409 4.784588 4.774545 3.525356 0.8389058 0.7198406 0.6302175 0.5615141 0.5233108 0.4612473 0.4185031 0.4011879 0.3487244 0.3268281 0.2897504 0.2486243 0.2235376 0.2097364 0.1912911 0.1742506 0.1466346 0.1285919 -9999 -9999 -9999 -9999 -9999 -9999 -9999 -9999 -9999 -9999 -9999 -9999 -9999 -9999 -9999 -9999 -9999 -9999 -9999 -9999 -9999 -9999 -9999
5.101256 5.128682 5.156109 5.183536 5.210962 5.238701 5.26647 5.29424 5.32201 5.433301 5.54488 5.656459 5.636605 5.390447 5.281805 5.239048 5.159966 4.920046 4.686796 4.758415 4.773112 4.814168 4.798185 4.81189 4.809358 4.771205 4.763945 4.476954 0.9283127 0.7397146 0.654614 0.5861245 0.526615 0.509235 0.4644646 0.3848579 0.3463836 0.3387606 0.3103024 0.2619051 0.2706553 0.2215532 0.1902714 0.1603268 0.1578284 0.130206 -9999 -9999 -9999 -9999 -9999 -9999 -9999 -9999 -9999 -9999 -9999 -9999 -9999 -9999 -9999 -9999 -9999 -9999 -9999 -9999 -9999 -9999 -9999
5.14131 5.168736 5.196186 5.223956 5.251725 5.279494 5.307264 5.335033 5.432683 5.544262 5.655841 5.76742 5.822721 5.632392 5.536515 5.403807 5.163887 4.948518 4.731397 4.773788 4.804825 4.833136 4.793896 4.811436 4.78753 4.796084 4.765553 4.778584 2.919264 0.81851 0.6903892 0.6119207 0.567859 0.4944189 0.4566177 0.4215683 0.3965465 0.3434265 0.3106335 0.2770963 0.2509596 0.2349233 0.20835 0.181511 0.1586661 0.1176342 0.11 -9999 -9999 -9999 -9999 -9999 -9999 -9999 -9999 -9999 -9999 -9999 -9999 -9999 -9999 -9999 -9999 -9999 -9999 -9999 -9999 -9999 -9999
5.181441 5.20921 5.236979 5.264749 5.292518 5.320288 5.348057 5.432066 5.543645 5.655224 5.766803 5.878382 5.989961 5.922491 5.819806 5.591749 5.421019 5.207917 4.739229 4.731192 4.791895 4.821433 4.803884 4.811018 4.801429 4.794384 4.783723 4.762444 3.911557 0.8632343 0.7245798 0.6588992 0.5775524 0.5244702 0.4685482 0.4122984 0.3821433 0.3383042 0.3344508 0.2832805 0.2668623 0.2484763 0.1993211 0.1972516 0.162922 0.1306842 0.1037766 -9999 -9999 -9999 -9999 -9999 -9999 -9999 -9999 -9999 -9999 -9999 -9999 -9999 -9999 -9999 -9999 -9999 -9999 -9999 -9999 -9999 -9999
5.222234 5.250003 5.277773 5.305542 5.333312 5.361081 5.431448 5.543027 5.654606 5.766185 5.877765 5.97366 6.033964 6.061708 5.967702 5.795599 5.611581 5.293461 4.983376 4.89439 4.735931 4.798885 4.817821 4.84 4.800437 4.812799 4.811365 4.784441 4.574406 3.208136 1.448327 0.6849939 0.6006463 0.5435672 0.475777 0.4447668 0.4057966 0.3594813 0.3366804 0.2802351 0.2856026 0.2395829 0.22 0.1978509 0.1679369 0.1484376 0.1128877 0.118764 -9999 -9999 -9999 -9999 -9999 -9999 -9999 -9999 -9999 -9999 -9999 -9999 -9999 -9999 -9999 -9999 -9999 -9999 -9999 -9999 -9999
5.263027 5.290797 5.318566 5.346335 5.374105 5.430831 5.54241 5.653989 5.765568 5.858904 5.919209 5.979513 6.039817 6.129225 6.016832 5.85447 5.599248 5.324124 5.137856 4.977802 4.816242 4.671677 4.753449 4.850054 4.832241 4.817946 4.794051 4.78 4.781034 4.777045 4.762484 1.389169 0.636991 0.5855423 0.5120811 0.4642337 0.4445243 0.3955081 0.371142 0.294873 0.2792574 0.2495413 0.2294343 0.2066939 0.1756538 0.1588628 0.134434 0.124021 -9999 -9999 -9999 -9999 -9999 -9999 -9999 -9999 -9999 -9999 -9999 -9999 -9999 -9999 -9999 -9999 -9999 -9999 -9999 -9999 -9999
5.303821 5.33159 5.359359 5.387129 5.430213 5.541792 5.653371 5.744149 5.804453 5.864758 5.925062 5.985366 6.053474 6.196742 6.021155 5.792589 5.535741 5.290532 5.113716 4.961045 4.800992 4.654435 4.7163 4.835861 4.821892 4.800951 4.8 4.783958 4.784546 4.762609 4.779556 1.467167 0.6748552 0.5877902 0.5351506 0.4886513 0.4464004 0.3951825 0.3509369 0.3224946 0.2939161 0.2678245 0.2491385 0.2242428 0.1807281 0.1730776 0.1433159 0.1365291 -9999 -9999 -9999 -9999 -9999 -9999 -9999 -9999 -9999 -9999 -9999 -9999 -9999 -9999 -9999 -9999 -9999 -9999 -9999 -9999 -9999
5.344614 5.372383 5.400153 5.429596 5.541175 5.629394 5.689698 5.750002 5.810307 5.870611 5.930915 5.99122 6.067383 6.047774 5.955871 5.730481 5.485638 5.26991 5.054182 4.944288 4.828404 4.791917 4.741481 4.836001 4.840726 4.807642 4.789629 4.805099 4.773193 4.78652 4.787774 2.307298 0.6989384 0.6167274 0.5658315 0.4934594 0.4544306 0.3971651 0.37 0.3397272 0.3117533 0.2827511 0.2467123 0.2285153 0.21 0.1946214 0.1596027 0.1303381 0.111606 -9999 -9999 -9999 -9999 -9999 -9999 -9999 -9999 -9999 -9999 -9999 -9999 -9999 -9999 -9999 -9999 -9999 -9999 -9999 -9999
5.531153 5.45101 5.440946 5.514639 5.574943 5.635247 5.695552 5.753546 5.800983 5.84842 5.895857 5.943294 5.988856 5.89423 5.838073 5.666941 5.533747 5.303757 5.073766 4.932679 4.876305 4.817099 4.766663 4.811056 4.826129 4.835959 4.796226 4.808859 4.79564 4.784081 4.780174 1.975594 0.7384461 0.6713076 0.5853286 0.5301021 0.4736685 0.4080421 0.380851 0.335492 0.3301067 0.2936573 0.2507879 0.2306769 0.1920242 0.1930517 0.1723739 0.139025 0.105298 -9999 -9999 -9999 -9999 -9999 -9999 -9999 -9999 -9999 -9999 -9999 -9999 -9999 -9999 -9999 -9999 -9999 -9999 -9999 -9999
5.632719 5.579477 5.504488 5.419071 5.44699 5.474908 5.502827 5.541106 5.588543 5.635981 5.683417 5.730855 5.849804 5.782629 5.731568 5.67606 5.677111 5.459763 5.217127 5.020798 4.947998 4.875197 4.799649 4.777204 4.805507 4.827575 4.8112 4.822574 4.815473 4.786406 4.779874 3.87955 0.9512705 0.7006372 0.6092004 0.5636004 0.4838102 0.4433617 0.3917562 0.3539547 0.3276307 0.2893924 0.2737164 0.2400035 0.2238516 0.19 0.1758671 0.1574118 0.130657 0.1030658 -9999 -9999 -9999 -9999 -9999 -9999 -9999 -9999 -9999 -9999 -9999 -9999 -9999 -9999 -9999 -9999 -9999 -9999 -9999
5.698621 5.650716 5.610176 5.477414 5.375308 5.388086 5.416005 5.443924 5.471842 5.499761 5.52768 5.607498 5.736285 5.714974 5.71414 5.697637 5.692405 5.610909 5.354558 5.092491 5.009518 4.925039 4.836448 4.770418 4.81 4.820647 4.798467 4.818294 4.821916 4.790603 4.794748 4.791601 4.798241 2.863693 0.6443807 0.5670066 0.4938728 0.4681612 0.405764 0.3583699 0.3414174 0.3147948 0.2924886 0.2516934 0.2414596 0.1971413 0.1880134 0.1744426 0.1509969 0.1156587 -9999 -9999 -9999 -9999 -9999 -9999 -9999 -9999 -9999 -9999 -9999 -9999 -9999 -9999 -9999 -9999 -9999 -9999 -9999
5.531948 5.568389 5.613377 5.559131 5.457026 5.35492 5.329183 5.357101 5.38502 5.399547 5.431502 5.647757 5.711172 5.68537 5.678745 5.701852 5.69 5.669924 5.340006 5.140389 5.057628 4.969043 4.875731 4.821892 4.84073 4.838375 4.801132 4.806219 4.800443 4.79394 4.78302 4.78187 4.779843 3.229608 0.6736544 0.5888738 0.534262 0.4854029 0.4328693 0.3877898 0.3516386 0.3437381 0.3111358 0.275784 0.2257486 0.2154696 0.1919604 0.1765698 0.1528358 0.136403 0.09822874 -9999 -9999 -9999 -9999 -9999 -9999 -9999 -9999 -9999 -9999 -9999 -9999 -9999 -9999 -9999 -9999 -9999 -9999
5.513771 5.563367 5.57789 5.511346 5.452767 5.394188 5.334532 5.270279 5.259354 5.32 5.452166 5.645792 5.703794 5.690456 5.678648 5.69745 5.689228 5.6666 5.336974 5.025414 5.030448 5.00811 4.910766 4.837443 4.813447 4.806598 4.809188 4.822905 4.794946 4.80397 4.787351 4.776785 4.786011 2.23627 0.713989 0.6447096 0.5482383 0.4986243 0.4472576 0.3905902 0.3857641 0.3454756 0.3221886 0.2859606 0.2550696 0.2427483 0.2165376 0.2081061 0.1926024 0.1611388 0.1235498 -9999 -9999 -9999 -9999 -9999 -9999 -9999 -9999 -9999 -9999 -9999 -9999 -9999 -9999 -9999 -9999 -9999 -9999
5.543307 5.559364 5.414077 5.348411 5.35518 5.310489 5.343002 5.407372 5.393187 5.377015 5.5065 5.645277 5.67948 5.682419 5.689469 5.668931 5.696023 5.676909 5.576985 5.012971 4.950062 4.972446 4.904659 4.82276 4.819016 4.805 4.799413 4.805661 4.794097 4.804443 4.812077 4.809945 4.766499 2.663617 0.7705714 0.6632195 0.605369 0.5317124 0.4696651 0.4095622 0.3854126 0.3572922 0.3375269 0.3285037 0.2765277 0.2408592 0.2185277 0.1993845 0.1664119 0.1606653 0.1468457 0.11 -9999 -9999 -9999 -9999 -9999 -9999 -9999 -9999 -9999 -9999 -9999 -9999 -9999 -9999 -9999 -9999 -9999
5.559607 5.555053 5.464062 5.434288 5.516223 5.468325 5.5097 5.465525 5.424068 5.382611 5.354376 5.440791 5.543747 5.630014 5.662377 5.655728 5.641973 5.678736 5.63871 5.236411 4.867665 4.839671 4.863859 4.84756 4.789422 4.798615 4.804944 4.806007 4.793811 4.774606 4.788936 4.79364 4.779355 4.379727 1.370612 0.6987406 0.6004583 0.5503281 0.4843842 0.4283284 0.4078652 0.3640689 0.3467467 0.2972841 0.3109838 0.2709118 0.2315878 0.226763 0.1894784 0.1683297 0.1389516 0.1132056 -9999 -9999 -9999 -9999 -9999 -9999 -9999 -9999 -9999 -9999 -9999 -9999 -9999 -9999 -9999 -9999 -9999
5.556108 5.550743 5.578628 5.566248 5.549959 5.555055 5.579057 5.50905 5.393616 5.289165 5.333299 5.449002 5.526686 5.60194 5.634568 5.63828 5.664201 5.658031 5.641611 5.479037 4.99786 4.856664 4.849462 4.812883 4.816539 4.822041 4.810349 4.797272 4.798334 4.789629 4.791585 4.788019 4.775004 4.760362 3.80191 2.492018 0.6441494 0.5698127 0.5041304 0.4580184 0.4195023 0.3835857 0.3621935 0.3186778 0.3069884 0.2570614 0.2416196 0.2034454 0.1818502 0.172297 0.1399833 0.1214492 -9999 -9999 -9999 -9999 -9999 -9999 -9999 -9999 -9999 -9999 -9999 -9999 -9999 -9999 -9999 -9999 -9999
5.560409 5.568537 5.578705 5.563003 5.55587 5.562086 5.508646 5.387335 5.279091 5.370177 5.40506 5.405816 5.406572 5.427626 5.633543 5.633999 5.633033 5.646906 5.642669 5.648179 5.179857 4.84 4.850362 4.83308 4.807975 4.833652 4.81149 4.82 4.793446 4.78 4.787936 4.806796 4.772526 4.759954 4.745356 3.660905 0.6881316 0.5897949 0.5715443 0.4980459 0.4382885 0.3914524 0.3464475 0.3271713 0.30907 0.2707494 0.259734 0.229678 0.207495 0.1838503 0.1677036 0.1352471 0.1197617 -9999 -9999 -9999 -9999 -9999 -9999 -9999 -9999 -9999 -9999 -9999 -9999 -9999 -9999 -9999 -9999
5.569191 5.558177 5.527655 5.509894 5.536426 5.524898 5.475737 5.291325 5.29208 5.292836 5.293592 5.294348 5.295104 5.372065 5.627165 5.628329 5.637737 5.638088 5.642606 5.626059 5.278693 4.902138 4.837762 4.816223 4.806254 4.819075 4.774837 4.79226 4.776226 4.781827 4.797434 4.788724 4.792846 4.778669 4.749456 4.529657 0.7501646 0.6414132 0.5915617 0.5004076 0.4911333 0.4259692 0.3972194 0.3460183 0.3159158 0.2756045 0.2475946 0.2479584 0.211023 0.1893181 0.1868838 0.1532703 0.1390779 -9999 -9999 -9999 -9999 -9999 -9999 -9999 -9999 -9999 -9999 -9999 -9999 -9999 -9999 -9999 -9999
5.536772 5.555226 5.437459 5.30358 5.391525 5.406238 5.385415 5.225312 5.247205 5.263311 5.279418 5.295525 5.311632 5.435492 5.604186 5.604091 5.610317 5.603753 5.628404 5.657078 5.254302 4.871883 4.847201 4.840807 4.800452 4.809722 4.794113 4.803891 4.796111 4.794033 4.789519 4.791953 4.813929 4.786586 4.752251 3.19666 0.8099694 0.6881561 0.6043841 0.5367156 0.4914243 0.4287223 0.3970727 0.3662983 0.3389039 0.2966351 0.2670506 0.263142 0.2345149 0.2087892 0.1891605 0.1573126 0.1454161 0.1081109 -9999 -9999 -9999 -9999 -9999 -9999 -9999 -9999 -9999 -9999 -9999 -9999 -9999 -9999 -9999
5.486167 5.462937 5.348263 5.303456 5.27376 5.443763 5.392348 5.235191 5.221482 5.207773 5.194064 5.229129 5.279942 5.367681 5.581247 5.600328 5.582738 5.604088 5.626009 5.62775 5.20604 4.858902 4.839356 4.828541 4.808328 4.801704 4.804877 4.786319 4.809111 4.8 4.794433 4.776701 4.78 4.795461 4.77033 3.225669 1.564327 0.7177632 0.631393 0.5643184 0.5042406 0.4644036 0.4206421 0.3801605 0.3540289 0.3176392 0.2787064 0.2637377 0.2451901 0.2264114 0.197 0.17 0.1651243 0.1283178 -9999 -9999 -9999 -9999 -9999 -9999 -9999 -9999 -9999 -9999 -9999 -9999 -9999 -9999 -9999
5.471528 5.496945 5.488405 5.434986 5.455779 5.505897 5.425336 5.253921 5.240212 5.226502 5.212793 5.201111 5.190187 5.271214 5.541745 5.585688 5.599097 5.598312 5.600428 5.542466 5.131776 4.842446 4.819125 4.811632 4.817149 4.806565 4.789233 4.798077 4.8 4.786414 4.781502 4.787604 4.789542 4.788481 4.808594 3.909344 1.873663 0.7784333 0.6640998 0.5854722 0.5244471 0.467688 0.4321572 0.3871246 0.3526433 0.3136113 0.2957747 0.2668669 0.2454369 0.2299139 0.1945905 0.1809193 0.1620103 0.1270097 0.1255417 -9999 -9999 -9999 -9999 -9999 -9999 -9999 -9999 -9999 -9999 -9999 -9999 -9999 -9999
5.45814 5.497379 5.519366 5.516677 5.510981 5.510865 5.405515 5.30494 5.280552 5.269629 5.258705 5.247781 5.236857 5.397974 5.534158 5.563338 5.585718 5.533129 5.480183 5.183717 4.963056 4.854206 4.835012 4.813175 4.823704 4.82198 4.813916 4.799134 4.782639 4.799911 4.779132 4.779076 4.793367 4.791789 4.422739 2.954864 1.495746 0.7567502 0.7298802 0.5872982 0.5511867 0.5014551 0.4528158 0.4070482 0.3600985 0.3252116 0.2974573 0.2887496 0.2587469 0.2471461 0.2153524 0.1847781 0.1843551 0.1409751 0.1241604 -9999 -9999 -9999 -9999 -9999 -9999 -9999 -9999 -9999 -9999 -9999 -9999 -9999 -9999
5.483512 5.49083 5.502075 5.48627 5.488192 5.488796 5.450401 5.375143 5.364882 5.354789 5.34319 5.336012 5.450223 5.547236 5.552019 5.549716 5.501501 5.411731 5.237548 5.010242 4.79959 4.780299 4.798838 4.819812 4.808709 4.803473 4.794333 4.789948 4.794336 4.786524 4.786569 4.795434 4.793946 4.794628 4.236209 3.117175 2.054218 1.090989 0.7594931 0.6602098 0.5740687 0.5120947 0.4744193 0.4204885 0.3970429 0.3523223 0.3041922 0.2892768 0.2656447 0.2484433 0.234915 0.2121546 0.2002623 0.1587135 0.1378276 0.1260807 -9999 -9999 -9999 -9999 -9999 -9999 -9999 -9999 -9999 -9999 -9999 -9999 -9999
5.429336 5.498394 5.483301 5.453189 5.46509 5.489689 5.438304 5.435606 5.444157 5.428579 5.406889 5.396646 5.447734 5.444467 5.424783 5.397406 5.363945 5.307912 5.128572 4.963626 4.845597 4.801928 4.795971 4.823063 4.815707 4.806581 4.790459 4.796268 4.790653 4.792117 4.7914 4.802597 4.784244 4.68383 4.06014 3.232532 2.386263 1.561233 0.8125789 0.6960079 0.6104624 0.5330011 0.4994108 0.4271299 0.4019496 0.3589618 0.3158676 0.3041064 0.2673966 0.2614023 0.2423818 0.2062766 0.1794264 0.1620914 0.1490933 0.1304991 -9999 -9999 -9999 -9999 -9999 -9999 -9999 -9999 -9999 -9999 -9999 -9999 -9999
5.334502 5.366155 5.345641 5.350698 5.436562 5.452305 5.410222 5.385293 5.341739 5.30435 5.292182 5.293728 5.310307 5.315014 5.29653 5.265305 5.24251 5.210663 5.080096 4.944605 4.863405 4.819715 4.802957 4.807822 4.807122 4.79015 4.801348 4.788541 4.781905 4.801395 4.824854 4.79027 4.751637 4.580964 4.088701 3.426687 2.702473 1.958813 1.20846 0.7570187 0.6264817 0.5674207 0.4935939 0.4558393 0.4045522 0.3708093 0.337022 0.3229153 0.2912857 0.2761108 0.2373321 0.2308461 0.208894 0.1856916 0.1504886 0.1317689 -9999 -9999 -9999 -9999 -9999 -9999 -9999 -9999 -9999 -9999 -9999 -9999 -9999
5.159718 5.205225 5.212797 5.212263 5.237075 5.215948 5.175708 5.162985 5.123589 5.121248 5.143141 5.162705 5.179786 5.192636 5.172947 5.150938 5.161215 5.144235 5.038925 4.92081 4.856761 4.821128 4.806881 4.810253 4.815727 4.812863 4.813498 4.795181 4.811005 4.772258 4.788041 4.766411 4.734743 4.574675 4.194857 3.660633 3.042443 2.388047 1.72136 1.107467 0.6837594 0.5843241 0.5363166 0.482845 0.4295246 0.3999044 0.3572871 0.3401505 0.2872946 0.2829463 0.2660353 0.2192127 0.2160189 0.195635 0.1637461 0.1458108 0.1455299 -9999 -9999 -9999 -9999 -9999 -9999 -9999 -9999 -9999 -9999 -9999 -9999
4.991682 5.063134 5.084548 5.070992 5.035762 4.974475 4.925207 4.937925 4.905116 4.904308 5.017715 5.016151 5.051216 5.093644 5.06012 5.035645 5.118016 5.108981 4.98768 4.876694 4.836017 4.815199 4.809623 4.816908 4.828946 4.84142 4.851789 4.8173 4.820075 4.785697 4.750367 4.729363 4.714725 4.631334 4.348591 3.933327 3.416985 2.845496 2.264188 1.641949 0.9094951 0.5993196 0.5596573 0.5188338 0.4637687 0.4179665 0.3818256 0.3572914 0.3155405 0.299164 0.2973239 0.2619378 0.2359316 0.1947085 0.187886 0.1528427 0.1373031 -9999 -9999 -9999 -9999 -9999 -9999 -9999 -9999 -9999 -9999 -9999 -9999
4.836403 4.934972 4.98281 4.956713 4.924734 4.888838 4.842895 4.810303 4.798497 4.778496 4.951895 4.984271 5.014986 5.007281 5.054163 5.014544 5.116328 5.085494 4.936806 4.799706 4.820822 4.814464 4.815335 4.827118 4.85006 4.875088 4.886267 4.865107 4.854115 4.799284 4.725961 4.6955 4.692474 4.677653 4.543332 4.257607 3.861376 3.392268 2.854751 2.152079 1.161538 0.6652996 0.5870311 0.5035998 0.4813883 0.432275 0.3920538 0.3763468 0.3327233 0.3153931 0.2691223 0.2683079 0.240225 0.2206971 0.2022335 0.1752007 0.1576082 0.1314046 -9999 -9999 -9999 -9999 -9999 -9999 -9999 -9999 -9999 -9999 -9999
4.783821 4.840377 4.888486 4.902022 4.907526 4.901616 4.880729 4.813189 4.789179 4.746722 4.810002 4.937029 4.918754 4.937741 5.035318 4.990281 5.036889 5.029058 4.938329 4.935266 4.923666 4.863455 4.810742 4.863585 4.887497 4.916939 4.927264 4.905779 4.904623 4.834402 4.723521 4.708894 4.682931 4.686419 4.652118 4.589908 4.550611 4.080804 3.448934 2.411495 1.192845 0.6975858 0.6115362 0.545582 0.4976456 0.4246413 0.3976051 0.353789 0.3496224 0.3376862 0.3201029 0.2782061 0.2545616 0.2189872 0.1921865 0.1764595 0.1872861 0.1397125 -9999 -9999 -9999 -9999 -9999 -9999 -9999 -9999 -9999 -9999 -9999
4.638651 4.730118 4.77878 4.804164 4.819785 4.842184 4.81987 4.783256 4.771461 4.727442 4.789483 4.894094 4.885781 4.854213 4.859494 4.950338 4.947059 4.966504 4.950763 4.94262 5.004197 4.984231 4.973498 5.004114 4.965669 4.881018 4.923943 4.899984 4.83653 4.830732 4.79493 4.763154 4.74111 4.706786 4.655388 4.609247 4.549253 4.355984 3.367229 2.321769 1.478108 0.8481566 0.6550829 0.5792262 0.5179903 0.4542887 0.424257 0.3925802 0.3603742 0.3249614 0.3256442 0.287378 0.2556698 0.2257444 0.2076561 0.1839048 0.1703341 0.1406557 0.1137611 -9999 -9999 -9999 -9999 -9999 -9999 -9999 -9999 -9999 -9999
