frankpre.txt
ncols         267
nrows         420
xllcorner     201388.11327243
yllcorner     536839.08538242
cellsize      1.0003382342261
NODATA_value  -9999
[rows 217 to 247 of 420, columns 70 to 139 of 267]
-9999 -9999 -9999 -9999 -9999 -9999 3.790237 3.782404 3.766378 3.756428 3.759083 3.79277 3.845106 3.899435 3.961597 4.001134 4.01097 4.022296 4.046489 4.075879 4.105041 4.140327 4.165572 4.183422 4.209903 4.228604 4.245192 4.259467 4.256441 4.262057 4.272743 4.277605 4.283414 4.297533 4.317424 4.352242 4.397487 4.435347 4.460665 4.489412 4.527161 4.535793 4.529371 4.530465 4.56294 4.631094 4.656914 4.626609 4.61377 4.619914 4.628777 4.634865 4.659251 4.687467 4.665428 4.621764 4.602549 4.588031 4.572897 4.560155 4.520727 4.520262 4.60266 4.658291 4.656716 4.656824 4.707556 4.775779 4.778131 4.741814
-9999 -9999 -9999 -9999 -9999 -9999 -9999 3.827393 3.818211 3.818109 3.839596 3.889523 3.948608 3.993281 4.023513 4.0293 4.025881 4.033252 4.049144 4.064375 4.077408 4.098656 4.127944 4.143619 4.15619 4.172737 4.187097 4.199827 4.224191 4.256967 4.279693 4.291482 4.303929 4.319655 4.337372 4.362908 4.390162 4.416731 4.444222 4.462743 4.487661 4.505684 4.506791 4.514088 4.533896 4.559721 4.569841 4.56738 4.580565 4.607129 4.615215 4.597574 4.591837 4.605387 4.608162 4.588478 4.56716 4.546156 4.537046 4.522768 4.477664 4.466218 4.52606 4.567014 4.558322 4.536648 4.562894 4.634425 4.650761 4.617023
-9999 -9999 -9999 -9999 -9999 -9999 -9999 3.882813 3.871529 3.882444 3.928593 3.989677 4.030147 4.03903 4.03132 4.018905 4.012929 4.013237 4.013309 4.015265 4.017734 4.021327 4.04361 4.058237 4.070519 4.084419 4.097419 4.12249 4.149453 4.174915 4.199789 4.221737 4.241083 4.261024 4.279145 4.300185 4.319001 4.338224 4.354852 4.36607 4.384348 4.405811 4.416021 4.425245 4.444989 4.468476 4.482358 4.486838 4.499633 4.512269 4.512101 4.503229 4.497602 4.489479 4.482157 4.47501 4.462325 4.439669 4.431122 4.421151 4.394872 4.385076 4.403459 4.413038 4.410246 4.401946 4.409019 4.438867 4.452609 4.446447
-9999 -9999 -9999 -9999 -9999 -9999 -9999 3.950771 3.948099 3.971444 4.028005 4.07616 4.077468 4.042587 3.996239 3.964988 3.950931 3.941414 3.926206 3.914925 3.911581 3.912306 3.92002 3.929987 3.945919 3.96256 3.982715 4.017149 4.04797 4.071719 4.091919 4.116228 4.142126 4.167542 4.190148 4.210417 4.226637 4.238734 4.252612 4.273063 4.29313 4.314157 4.332703 4.348826 4.366133 4.385327 4.401228 4.409691 4.417037 4.421443 4.423569 4.420302 4.412316 4.403753 4.393179 4.383383 4.375503 4.362516 4.350762 4.342189 4.332556 4.328253 4.326784 4.325058 4.322941 4.321077 4.322073 4.326902 4.333479 4.341966
-9999 -9999 -9999 -9999 -9999 -9999 -9999 -9999 4.03459 4.041523 4.074475 4.077637 4.03523 3.983733 3.945017 3.922805 3.909467 3.894322 3.875019 3.857474 3.847768 3.849334 3.857019 3.871292 3.893518 3.917553 3.944051 3.97339 3.998475 4.022306 4.046685 4.06986 4.093091 4.116331 4.139432 4.161777 4.184035 4.202503 4.22261 4.249707 4.276717 4.297895 4.316041 4.335457 4.353419 4.369686 4.383469 4.393769 4.398491 4.398142 4.398144 4.396771 4.392358 4.385423 4.374884 4.365374 4.357474 4.350468 4.342857 4.334124 4.32521 4.322808 4.32358 4.321917 4.317677 4.313482 4.309715 4.308376 4.314633 4.326487
-9999 -9999 -9999 -9999 -9999 -9999 -9999 -9999 4.084871 4.059395 4.064501 4.033606 3.98048 3.948011 3.933368 3.920984 3.905605 3.885186 3.863993 3.843242 3.829685 3.82891 3.835801 3.852224 3.876779 3.903065 3.930064 3.955748 3.9794 4.002642 4.027546 4.052111 4.076772 4.100312 4.123395 4.147388 4.171617 4.193295 4.217244 4.245892 4.27299 4.293821 4.310397 4.327988 4.345837 4.36353 4.378219 4.390565 4.39702 4.398019 4.393581 4.388272 4.385174 4.378137 4.367724 4.35888 4.352407 4.347894 4.34128 4.332461 4.324297 4.32232 4.324377 4.321032 4.313146 4.306813 4.300641 4.296321 4.303446 4.315721
-9999 -9999 -9999 -9999 -9999 -9999 -9999 -9999 -9999 4.037673 4.014771 3.990153 3.96447 3.947939 3.934466 3.918119 3.898537 3.879587 3.864086 3.843008 3.825037 3.8184 3.821831 3.839522 3.866638 3.895215 3.922813 3.947039 3.970203 3.994693 4.023153 4.049778 4.075214 4.100554 4.120099 4.138318 4.163083 4.188081 4.212939 4.24075 4.267454 4.292075 4.313246 4.332124 4.351717 4.371037 4.385762 4.396059 4.40073 4.399687 4.393651 4.388933 4.385415 4.379072 4.370533 4.363495 4.361199 4.35851 4.34967 4.342722 4.338539 4.335838 4.338032 4.335235 4.327351 4.32022 4.314206 4.311335 4.31638 4.327971
-9999 -9999 -9999 -9999 -9999 -9999 -9999 -9999 -9999 3.998343 3.98171 3.974501 3.969098 3.959852 3.94687 3.926668 3.906146 3.890222 3.878575 3.861632 3.844157 3.838224 3.842163 3.857042 3.880276 3.903519 3.928307 3.953019 3.978576 4.005535 4.029278 4.052574 4.077328 4.103904 4.128088 4.149064 4.172328 4.196767 4.221608 4.248043 4.271882 4.29534 4.320149 4.344737 4.368941 4.393234 4.411776 4.418527 4.415484 4.405585 4.398308 4.396232 4.39554 4.391393 4.385211 4.378773 4.374475 4.370573 4.364975 4.362879 4.363097 4.361293 4.364289 4.364377 4.358194 4.352167 4.347079 4.3426 4.346129 4.357973
-9999 -9999 -9999 -9999 -9999 -9999 -9999 -9999 -9999 -9999 3.987417 3.984261 3.979014 3.969625 3.955048 3.941822 3.931806 3.919226 3.901786 3.879705 3.85951 3.84875 3.8513 3.871232 3.897929 3.921053 3.942409 3.964983 3.992986 4.022081 4.043769 4.065002 4.088588 4.115196 4.141106 4.163041 4.184832 4.208685 4.233731 4.256016 4.278684 4.303748 4.329233 4.355444 4.381746 4.409139 4.432513 4.446444 4.447298 4.433185 4.42184 4.422348 4.424856 4.422193 4.416436 4.410819 4.408038 4.405782 4.402296 4.400699 4.399742 4.396147 4.394673 4.396016 4.394267 4.389579 4.386599 4.385782 4.387788 4.397469
-9999 -9999 -9999 -9999 -9999 -9999 -9999 -9999 -9999 -9999 3.997993 3.991868 3.986112 3.977979 3.966763 3.960859 3.959441 3.967046 3.970209 3.931989 3.887102 3.86871 3.866173 3.881151 3.90599 3.931484 3.953738 3.975233 4.002935 4.033536 4.058767 4.079148 4.104823 4.130466 4.154008 4.176383 4.197782 4.22115 4.246061 4.270759 4.296157 4.319847 4.341868 4.365452 4.394885 4.426313 4.463051 4.514727 4.541904 4.509603 4.458747 4.44291 4.44373 4.441817 4.438376 4.43798 4.443129 4.438187 4.428772 4.426632 4.42582 4.423649 4.42263 4.425674 4.42559 4.421986 4.42136 4.421933 4.423597 4.433392
-9999 -9999 -9999 -9999 -9999 -9999 -9999 -9999 -9999 -9999 -9999 3.998691 3.993241 3.989151 3.982487 3.9808 4.008097 4.070668 4.103642 4.036223 3.945013 3.912139 3.898138 3.904606 3.924634 3.948279 3.971373 3.994162 4.027512 4.061075 4.075792 4.091057 4.112565 4.134205 4.156395 4.178285 4.199263 4.224073 4.252666 4.281563 4.311129 4.335763 4.358752 4.381963 4.406891 4.439338 4.496614 4.59698 4.655708 4.614516 4.5154 4.466068 4.462999 4.462105 4.460161 4.461193 4.467771 4.467213 4.455413 4.44814 4.448159 4.449149 4.448423 4.447505 4.446341 4.444121 4.447573 4.456711 4.465128 4.473156
-9999 -9999 -9999 -9999 -9999 -9999 -9999 -9999 -9999 -9999 -9999 4.009368 4.00336 4.000358 3.999267 4.010215 4.075073 4.163905 4.182901 4.103091 3.997729 3.942869 3.911959 3.914365 3.939248 3.971167 3.998726 4.019097 4.053349 4.090217 4.100043 4.106965 4.127547 4.148762 4.17352 4.195883 4.201986 4.20886 4.244186 4.28836 4.316112 4.34162 4.367473 4.391335 4.413892 4.446586 4.515422 4.631683 4.700461 4.662554 4.553349 4.495811 4.493296 4.488008 4.483654 4.489295 4.496941 4.493395 4.482165 4.468583 4.462451 4.466456 4.471596 4.47211 4.472751 4.474316 4.478746 4.492045 4.502826 4.510711
-9999 -9999 -9999 -9999 -9999 -9999 -9999 -9999 -9999 -9999 -9999 4.018681 4.011595 4.010056 4.01165 4.031813 4.109802 4.200606 4.211264 4.127587 4.024158 3.964491 3.937379 3.951322 3.971629 3.992054 4.018481 4.037023 4.052061 4.069502 4.090261 4.113997 4.137022 4.16378 4.195908 4.212593 4.206692 4.20453 4.239663 4.292015 4.322094 4.347902 4.371695 4.394897 4.417481 4.45154 4.524372 4.640758 4.710186 4.679379 4.57375 4.517333 4.514688 4.510817 4.50707 4.517498 4.531964 4.529552 4.515447 4.510327 4.511445 4.512195 4.509048 4.502121 4.502136 4.504233 4.506091 4.519508 4.528552 4.534604
-9999 -9999 -9999 -9999 -9999 -9999 -9999 -9999 -9999 -9999 -9999 -9999 4.010115 4.007277 4.014203 4.042135 4.125205 4.211885 4.217631 4.129508 4.022324 3.971093 3.953405 3.969296 3.983038 4.001076 4.033455 4.053851 4.057705 4.059014 4.081129 4.114973 4.140385 4.170384 4.210128 4.229869 4.236087 4.256141 4.280924 4.299835 4.324944 4.353662 4.378659 4.40208 4.42678 4.460399 4.529723 4.652162 4.734512 4.71311 4.609888 4.548276 4.53817 4.532712 4.530776 4.538538 4.548102 4.546608 4.537683 4.534869 4.537502 4.538269 4.53413 4.524465 4.522787 4.525855 4.531276 4.546134 4.55525 4.566845
-9999 -9999 -9999 -9999 -9999 -9999 -9999 -9999 -9999 -9999 -9999 -9999 4.010165 4.005471 4.012872 4.042853 4.128585 4.221312 4.225037 4.132306 4.029384 3.994002 3.976499 3.988472 3.999791 4.013442 4.052743 4.088366 4.107572 4.126872 4.134567 4.142643 4.164614 4.201404 4.252266 4.268543 4.27241 4.297511 4.313344 4.314362 4.334691 4.365474 4.395722 4.420256 4.445431 4.478 4.544175 4.667938 4.754786 4.739765 4.647681 4.592257 4.583093 4.578406 4.579436 4.585459 4.591285 4.589685 4.587045 4.595704 4.601259 4.597968 4.593473 4.588981 4.590034 4.591057 4.597017 4.611948 4.620575 4.639792
-9999 -9999 -9999 -9999 -9999 -9999 -9999 -9999 -9999 -9999 -9999 -9999 -9999 3.998798 4.005937 4.029672 4.105024 4.200893 4.22359 4.180078 4.123102 4.096961 4.092437 4.112366 4.119985 4.127294 4.168031 4.214227 4.260247 4.287636 4.274193 4.266151 4.291144 4.341092 4.39578 4.409514 4.415744 4.447023 4.462114 4.456066 4.470113 4.491321 4.511935 4.536378 4.564327 4.596904 4.650444 4.732216 4.793322 4.795847 4.751507 4.73321 4.732296 4.723023 4.716057 4.718714 4.726906 4.729648 4.728078 4.744645 4.755114 4.75153 4.744707 4.736319 4.741595 4.750738 4.752885 4.747444 4.742168 4.760989
-9999 -9999 -9999 -9999 -9999 -9999 -9999 -9999 -9999 -9999 -9999 -9999 -9999 3.993291 3.997668 4.013583 4.065201 4.162603 4.22959 4.236558 4.231465 4.233002 4.253449 4.27674 4.285908 4.300522 4.331625 4.363653 4.400705 4.413026 4.401076 4.409987 4.446324 4.4944 4.526649 4.543329 4.555162 4.573471 4.58968 4.593974 4.610694 4.631023 4.647711 4.672132 4.699119 4.727613 4.758235 4.798053 4.841929 4.85556 4.834604 4.833792 4.829531 4.816297 4.804001 4.804636 4.819625 4.825511 4.824212 4.826998 4.824352 4.831297 4.82253 4.810095 4.824879 4.841308 4.828791 4.802808 4.791006 4.800447
-9999 -9999 -9999 -9999 -9999 -9999 -9999 -9999 -9999 -9999 -9999 -9999 -9999 -9999 3.989502 3.996817 4.031575 4.12404 4.221694 4.260606 4.285151 4.300535 4.300314 4.306452 4.317422 4.32831 4.348206 4.368464 4.389833 4.407887 4.413322 4.424016 4.444623 4.470503 4.496318 4.518477 4.539627 4.559337 4.571144 4.579236 4.604456 4.61911 4.628964 4.650528 4.683179 4.721689 4.749309 4.802635 4.870173 4.873498 4.810221 4.774736 4.759916 4.745599 4.740411 4.758264 4.785604 4.773388 4.749876 4.750929 4.752808 4.763439 4.764525 4.762493 4.776871 4.778032 4.754331 4.732378 4.718304 4.724486
-9999 -9999 -9999 -9999 -9999 -9999 -9999 -9999 -9999 -9999 -9999 -9999 -9999 -9999 3.973469 3.979398 4.003738 4.076612 4.192548 4.272808 4.311887 4.326844 4.295773 4.263458 4.262592 4.268853 4.289527 4.309253 4.333074 4.364263 4.371319 4.372006 4.386031 4.403776 4.425985 4.448127 4.47784 4.508216 4.517241 4.526931 4.554783 4.566682 4.575595 4.595524 4.627933 4.668197 4.699807 4.779491 4.871229 4.865924 4.775464 4.724212 4.70148 4.682962 4.680398 4.692189 4.70287 4.68881 4.673633 4.675839 4.679463 4.686018 4.686582 4.684079 4.685607 4.670996 4.654307 4.651187 4.642038 4.645655
-9999 -9999 -9999 -9999 -9999 -9999 -9999 -9999 -9999 -9999 -9999 -9999 -9999 -9999 3.963534 3.968357 3.985868 4.038952 4.152487 4.265982 4.324883 4.334987 4.27935 4.213924 4.205001 4.223767 4.262463 4.281237 4.293916 4.324847 4.336058 4.340132 4.359136 4.380291 4.401558 4.424082 4.455279 4.483808 4.493072 4.501882 4.52712 4.547273 4.55829 4.574299 4.600836 4.631825 4.672269 4.771641 4.865249 4.850588 4.746522 4.686803 4.672029 4.663154 4.661726 4.661367 4.659526 4.656436 4.653619 4.651113 4.651803 4.652586 4.646864 4.644491 4.648985 4.64183 4.631601 4.630235 4.619857 4.619496
-9999 -9999 -9999 -9999 -9999 -9999 -9999 -9999 -9999 -9999 -9999 -9999 -9999 -9999 -9999 3.958073 3.972361 4.010345 4.102265 4.236602 4.324485 4.329264 4.261525 4.19837 4.195467 4.210826 4.244481 4.260314 4.266278 4.291415 4.309146 4.321001 4.341983 4.36743 4.393378 4.415521 4.437625 4.461851 4.476058 4.478491 4.488877 4.510527 4.539689 4.561325 4.583886 4.609433 4.656246 4.760931 4.853279 4.833742 4.723861 4.659092 4.651653 4.651578 4.653105 4.658318 4.666281 4.655368 4.636844 4.636624 4.639062 4.640969 4.63412 4.63156 4.643708 4.644741 4.62677 4.612864 4.604112 4.606631
-9999 -9999 -9999 -9999 -9999 -9999 -9999 -9999 -9999 -9999 -9999 -9999 -9999 -9999 -9999 3.943203 3.958094 3.988429 4.059456 4.18798 4.292706 4.310264 4.247104 4.19143 4.188669 4.196458 4.221849 4.244976 4.25423 4.279346 4.302492 4.310788 4.327177 4.354224 4.384791 4.409361 4.433479 4.462337 4.473631 4.471251 4.48102 4.496542 4.524624 4.54742 4.57057 4.598707 4.646634 4.741885 4.827374 4.810204 4.70905 4.647533 4.63713 4.636942 4.641224 4.645346 4.647895 4.634597 4.618431 4.623889 4.623187 4.619441 4.614963 4.615958 4.623563 4.618884 4.603588 4.590868 4.582307 4.584696
-9999 -9999 -9999 -9999 -9999 -9999 -9999 -9999 -9999 -9999 -9999 -9999 -9999 -9999 -9999 -9999 3.946635 3.969587 4.022232 4.121846 4.23171 4.271425 4.218272 4.177515 4.182937 4.186755 4.197804 4.221541 4.252577 4.283065 4.292463 4.297699 4.313105 4.335591 4.361888 4.386142 4.411624 4.437984 4.449611 4.455448 4.47217 4.491206 4.511451 4.530021 4.554163 4.586177 4.625957 4.699963 4.777031 4.763934 4.680925 4.639221 4.62871 4.621034 4.620769 4.620764 4.616562 4.605842 4.601882 4.604225 4.599601 4.593427 4.591548 4.590549 4.586806 4.580602 4.572549 4.563851 4.557704 4.555826
-9999 -9999 -9999 -9999 -9999 -9999 -9999 -9999 -9999 -9999 -9999 -9999 -9999 -9999 -9999 -9999 3.934572 3.947522 3.978795 4.029986 4.10637 4.157896 4.142874 4.13808 4.150882 4.16345 4.181476 4.201468 4.223711 4.247856 4.2637 4.280533 4.300595 4.318308 4.336599 4.358055 4.378641 4.393414 4.409873 4.430222 4.446854 4.468362 4.491053 4.512231 4.53152 4.555716 4.582152 4.615896 4.658525 4.66053 4.629228 4.616364 4.612524 4.607481 4.606158 4.605437 4.599387 4.589386 4.584145 4.580964 4.577896 4.574337 4.569881 4.564917 4.562398 4.563495 4.55906 4.549687 4.545395 4.541126
-9999 -9999 -9999 -9999 -9999 -9999 -9999 -9999 -9999 -9999 -9999 -9999 -9999 -9999 -9999 -9999 -9999 3.931975 3.951135 3.979709 4.021458 4.063394 4.089752 4.113543 4.134782 4.153503 4.171756 4.189423 4.206813 4.225907 4.245919 4.266422 4.288597 4.307117 4.322277 4.341207 4.358628 4.375659 4.397966 4.42043 4.438109 4.45632 4.477534 4.501432 4.523542 4.544898 4.565627 4.582479 4.595209 4.599961 4.602887 4.602883 4.600039 4.597043 4.593654 4.590752 4.584403 4.575649 4.567522 4.560741 4.560567 4.56166 4.55676 4.549516 4.545184 4.543974 4.539016 4.531354 4.529718 4.527852
-9999 -9999 -9999 -9999 -9999 -9999 -9999 -9999 -9999 -9999 -9999 -9999 -9999 -9999 -9999 -9999 -9999 3.924422 3.934906 3.957101 3.993096 4.034997 4.069122 4.097392 4.120392 4.140356 4.161624 4.181526 4.19912 4.215347 4.232968 4.25662 4.278214 4.293957 4.306739 4.323268 4.342604 4.362614 4.386391 4.411872 4.43189 4.447824 4.468588 4.492481 4.515642 4.536999 4.558313 4.575367 4.585178 4.590868 4.593953 4.594116 4.591813 4.587569 4.582237 4.577218 4.571463 4.565069 4.558933 4.552049 4.549547 4.548063 4.544343 4.5399 4.534899 4.529871 4.523097 4.516939 4.515221 4.515373
-9999 -9999 -9999 -9999 -9999 -9999 -9999 -9999 -9999 -9999 -9999 -9999 -9999 -9999 -9999 -9999 -9999 -9999 3.918216 3.947941 3.985053 4.023063 4.054851 4.0835 4.108057 4.129758 4.152485 4.174761 4.194148 4.211423 4.228704 4.247977 4.267742 4.286881 4.301545 4.31686 4.336369 4.356258 4.376666 4.402043 4.426073 4.446425 4.468643 4.491348 4.510604 4.528755 4.548534 4.565737 4.5768 4.583489 4.589748 4.591887 4.591478 4.588356 4.582576 4.575425 4.566033 4.55751 4.552286 4.549907 4.549325 4.549074 4.544442 4.538908 4.535861 4.533481 4.527506 4.52095 4.517698 4.511488
-9999 -9999 -9999 -9999 -9999 -9999 -9999 -9999 -9999 -9999 -9999 -9999 -9999 -9999 -9999 -9999 -9999 -9999 3.918261 3.944474 3.981695 4.018024 4.049612 4.080856 4.105521 4.125718 4.149305 4.171628 4.190555 4.211811 4.231469 4.249511 4.267519 4.286338 4.297576 4.308372 4.327602 4.349096 4.37033 4.397438 4.424661 4.447021 4.468766 4.48993 4.50719 4.52236 4.541425 4.562041 4.578182 4.588984 4.596364 4.59827 4.600744 4.599006 4.592076 4.586431 4.582247 4.575209 4.56948 4.567585 4.566024 4.565833 4.561819 4.554271 4.548968 4.544763 4.538391 4.53468 4.533075 4.527082
-9999 -9999 -9999 -9999 -9999 -9999 -9999 -9999 -9999 -9999 -9999 -9999 -9999 -9999 -9999 -9999 -9999 -9999 3.937892 3.954459 3.983436 4.021043 4.056491 4.082215 4.102784 4.123612 4.145669 4.167726 4.189868 4.213517 4.236132 4.254571 4.271239 4.285868 4.297348 4.310935 4.327956 4.349257 4.374644 4.401331 4.424874 4.44689 4.470187 4.491275 4.507444 4.522826 4.543156 4.564349 4.581926 4.596511 4.608003 4.616004 4.61731 4.614205 4.611084 4.608068 4.603325 4.597305 4.594035 4.591346 4.587828 4.583071 4.577212 4.57041 4.565763 4.563373 4.556851 4.552494 4.553257 4.546679
-9999 -9999 -9999 -9999 -9999 -9999 -9999 -9999 -9999 -9999 -9999 -9999 -9999 -9999 -9999 -9999 -9999 -9999 -9999 3.964171 3.991734 4.027799 4.061072 4.085432 4.110654 4.139195 4.162231 4.178811 4.197551 4.220111 4.242483 4.262525 4.277975 4.290635 4.303178 4.318418 4.337136 4.358905 4.384054 4.406884 4.426237 4.447812 4.471202 4.492858 4.512141 4.530196 4.548642 4.567743 4.586831 4.603179 4.627214 4.650784 4.64522 4.632904 4.62881 4.624897 4.619571 4.616271 4.616821 4.617817 4.61214 4.603713 4.594036 4.587993 4.586099 4.581278 4.575065 4.571023 4.572331 4.565021
-9999 -9999 -9999 -9999 -9999 -9999 -9999 -9999 -9999 -9999 -9999 -9999 -9999 -9999 -9999 -9999 -9999 -9999 -9999 3.979468 4.007499 4.038413 4.067929 4.099779 4.149837 4.205781 4.232403 4.225787 4.221691 4.233719 4.250495 4.270369 4.286257 4.300105 4.31305 4.327544 4.346409 4.36818 4.391063 4.414291 4.434386 4.455979 4.479157 4.500484 4.520558 4.5393 4.555394 4.573729 4.596027 4.621742 4.678061 4.730432 4.699063 4.65443 4.642193 4.639883 4.638293 4.635563 4.636559 4.639789 4.632324 4.621342 4.614082 4.613113 4.610153 4.604165 4.596951 4.588837 4.587595 4.582363
