frankpost.txt
ncols         267
nrows         420
xllcorner     201388.11327243
yllcorner     536839.08538242
cellsize      1.0003382342261
NODATA_value  -9999
[rows 248 to 278 of 420, columns 69 to 137 of 267]
-9999 -9999 -9999 -9999 -9999 -9999 -9999 -9999 -9999 -9999 -9999 -9999 -9999 -9999 -9999 -9999 -9999 -9999 -9999 -9999 -9999 4.079241 4.093053 4.136069 4.150631 4.251557 4.362753 4.414948 4.428743 4.360408 4.277295 4.312573 4.318499 4.34325 4.362668 4.374412 4.395859 4.405013 4.433314 4.436856 4.471749 4.504026 4.509941 4.547135 4.572297 4.578876 4.597605 4.623842 4.651362 4.657305 4.678999 4.804346 4.940526 4.954288 4.811821 4.740775 4.707797 4.720652 4.720552 4.709162 4.714201 4.698797 4.679017 4.683857 4.686188 4.689303 4.679193 4.64758 4.665873
-9999 -9999 -9999 -9999 -9999 -9999 -9999 -9999 -9999 -9999 -9999 -9999 -9999 -9999 -9999 -9999 -9999 -9999 -9999 -9999 -9999 4.089411 4.09453 4.127863 4.186878 4.317679 4.405917 4.43528 4.437119 4.379655 4.307208 4.325099 4.340839 4.349769 4.365971 4.391954 4.39092 4.416399 4.452152 4.471155 4.493117 4.501289 4.525268 4.548203 4.586185 4.607463 4.609477 4.632991 4.663338 4.655178 4.680039 4.805597 4.948826 4.983757 4.795509 4.742786 4.728575 4.733068 4.732622 4.727128 4.7316 4.724927 4.715342 4.70415 4.685896 4.704181 4.686939 4.691022 4.686828
-9999 -9999 -9999 -9999 -9999 -9999 -9999 -9999 -9999 -9999 -9999 -9999 -9999 -9999 -9999 -9999 -9999 -9999 -9999 -9999 -9999 -9999 4.102798 4.125937 4.1852 4.280561 4.440059 4.478898 4.477873 4.405876 4.320892 4.317506 4.345688 4.353802 4.367963 4.395127 4.411178 4.408083 4.442698 4.462611 4.495179 4.515908 4.52682 4.578761 4.572049 4.610514 4.627636 4.63591 4.670058 4.655291 4.697154 4.819542 4.978465 4.98869 4.798569 4.723862 4.709757 4.728647 4.749299 4.752799 4.759793 4.711171 4.719179 4.704929 4.671531 4.719212 4.692207 4.704082 4.689904
-9999 -9999 -9999 -9999 -9999 -9999 -9999 -9999 -9999 -9999 -9999 -9999 -9999 -9999 -9999 -9999 -9999 -9999 -9999 -9999 -9999 -9999 4.13579 4.139324 4.170935 4.253074 4.400906 4.497772 4.490262 4.427511 4.319879 4.312468 4.313244 4.357436 4.366377 4.399883 4.403817 4.437422 4.424417 4.458853 4.506563 4.491348 4.484428 4.555686 4.591901 4.628748 4.633657 4.654549 4.66533 4.669414 4.713492 4.798301 4.96953 4.984745 4.847146 4.787933 4.702237 4.727118 4.755625 4.751148 4.767074 4.705667 4.751708 4.723751 4.678452 4.733047 4.704928 4.701104 4.710565
-9999 -9999 -9999 -9999 -9999 -9999 -9999 -9999 -9999 -9999 -9999 -9999 -9999 -9999 -9999 -9999 -9999 -9999 -9999 -9999 -9999 -9999 -9999 4.146901 4.160939 4.202243 4.302724 4.448919 4.484669 4.46965 4.410931 4.369432 4.41247 4.427492 4.435225 4.458929 4.438413 4.511272 4.436622 4.442846 4.484004 4.454439 4.454436 4.572533 4.648896 4.706999 4.69725 4.739078 4.74404 4.762023 4.789278 4.871056 4.987188 5.028642 4.870399 4.836956 4.752151 4.72294 4.749202 4.790208 4.848031 4.895238 4.910464 4.912154 4.911793 4.887907 4.837405 4.880085 4.848779
-9999 -9999 -9999 -9999 -9999 -9999 -9999 -9999 -9999 -9999 -9999 -9999 -9999 -9999 -9999 -9999 -9999 -9999 -9999 -9999 -9999 -9999 -9999 4.148404 4.158539 4.19254 4.248919 4.386739 4.488638 4.484655 4.488945 4.494799 4.525011 4.559059 4.592544 4.606773 4.605577 4.669068 4.57003 4.498388 4.506314 4.498788 4.534814 4.635948 4.770705 4.879615 4.905261 4.91234 4.937209 4.95967 4.979393 5.000059 5.066552 5.090854 5.077996 5.079385 5.008286 4.865149 4.827899 4.851192 4.91197 4.994646 5.113099 5.08433 5.09353 5.049757 5.021999 5.050232 5.023981
-9999 -9999 -9999 -9999 -9999 -9999 -9999 -9999 -9999 -9999 -9999 -9999 -9999 -9999 -9999 -9999 -9999 -9999 -9999 -9999 -9999 -9999 -9999 4.13739 4.147907 4.175201 4.212588 4.321462 4.436167 4.458571 4.489966 4.518237 4.523274 4.562048 4.544721 4.539491 4.559227 4.607613 4.583036 4.528913 4.540631 4.55381 4.584234 4.674669 4.82903 4.899798 4.895383 4.90635 4.948544 4.979967 4.988838 5.041421 5.11183 5.139983 5.085517 5.109008 5.123096 4.96076 4.896057 4.90569 4.970724 5.049242 5.093466 5.067031 5.060744 5.059855 5.050491 5.004238 5.021706
-9999 -9999 -9999 -9999 -9999 -9999 -9999 -9999 -9999 -9999 -9999 -9999 -9999 -9999 -9999 -9999 -9999 -9999 -9999 -9999 -9999 -9999 -9999 -9999 4.13466 4.151244 4.182337 4.258708 4.405749 4.442869 4.485528 4.52715 4.412458 4.368519 4.369659 4.403724 4.412524 4.454084 4.479371 4.51208 4.528716 4.598892 4.610793 4.622565 4.696913 4.732081 4.763337 4.778594 4.811781 4.834748 4.852499 4.926885 5.105066 5.166512 5.007902 5.007463 4.990075 4.951078 4.898353 4.917464 4.959255 4.964325 4.963058 4.965866 4.944865 4.92439 4.940814 4.905459 4.905762
-9999 -9999 -9999 -9999 -9999 -9999 -9999 -9999 -9999 -9999 -9999 -9999 -9999 -9999 -9999 -9999 -9999 -9999 -9999 -9999 -9999 -9999 -9999 -9999 4.136496 4.150249 4.157516 4.211548 4.319606 4.399847 4.501702 4.496383 4.404296 4.315913 4.335975 4.366536 4.363726 4.413383 4.450505 4.469634 4.43889 4.54071 4.591244 4.621671 4.635484 4.682175 4.724846 4.754251 4.753488 4.798967 4.828131 4.903387 5.072301 5.158409 5.038633 4.956142 4.953159 4.937396 4.922494 4.926273 4.945047 4.947537 4.924112 4.941749 4.936634 4.923775 4.91357 4.904696 4.902609
-9999 -9999 -9999 -9999 -9999 -9999 -9999 -9999 -9999 -9999 -9999 -9999 -9999 -9999 -9999 -9999 -9999 -9999 -9999 -9999 -9999 -9999 -9999 -9999 -9999 4.110901 4.110473 4.162621 4.228696 4.391142 4.484668 4.467514 4.404693 4.316658 4.336116 4.349119 4.368774 4.419766 4.453312 4.48197 4.524987 4.543083 4.599267 4.620569 4.65361 4.678088 4.71341 4.746498 4.761482 4.790746 4.81458 4.881492 5.110474 5.163455 5.084064 4.970195 4.950822 4.956491 4.942175 4.938356 4.957512 4.957783 4.951117 4.934174 4.931854 4.915132 4.923507 4.896626 4.901861
-9999 -9999 -9999 -9999 -9999 -9999 -9999 -9999 -9999 -9999 -9999 -9999 -9999 -9999 -9999 -9999 -9999 -9999 -9999 -9999 -9999 -9999 -9999 -9999 -9999 4.106288 4.087601 4.124119 4.153405 4.311823 4.440067 4.450425 4.376894 4.301714 4.313814 4.353806 4.355386 4.418058 4.435146 4.463068 4.483361 4.518001 4.571275 4.596225 4.631571 4.657385 4.674703 4.724536 4.751312 4.76865 4.791119 4.850084 5.093596 5.182669 5.037866 4.936072 4.929138 4.947941 4.939157 4.946815 4.956595 4.941597 4.958818 4.940023 4.925779 4.915353 4.907227 4.897902 4.893055
-9999 -9999 -9999 -9999 -9999 -9999 -9999 -9999 -9999 -9999 -9999 -9999 -9999 -9999 -9999 -9999 -9999 -9999 -9999 -9999 -9999 -9999 -9999 -9999 -9999 -9999 4.049861 4.093172 4.108862 4.201365 4.397484 4.44314 4.338648 4.255911 4.300904 4.350872 4.354722 4.404158 4.424629 4.442796 4.478953 4.513876 4.560354 4.592116 4.619254 4.651994 4.666061 4.706718 4.747075 4.772779 4.795615 4.825318 4.972197 5.045501 4.986369 4.920067 4.917857 4.925792 4.941363 4.948536 4.945816 4.959912 4.95033 4.929675 4.930018 4.891092 4.886353 4.892659 4.869746
-9999 -9999 -9999 -9999 -9999 -9999 -9999 -9999 -9999 -9999 -9999 -9999 -9999 -9999 -9999 -9999 -9999 -9999 -9999 -9999 -9999 -9999 -9999 -9999 -9999 -9999 4.038426 4.044404 4.069289 4.125281 4.192082 4.25704 4.265677 4.235418 4.308622 4.32321 4.356118 4.394633 4.417203 4.463477 4.485624 4.498498 4.536744 4.581161 4.595365 4.62888 4.65696 4.700109 4.713974 4.74637 4.782494 4.799119 4.868525 4.910249 4.90799 4.898119 4.897978 4.909702 4.921489 4.934747 4.936587 4.943554 4.941252 4.91143 4.913864 4.890925 4.882278 4.894464 4.887581
-9999 -9999 -9999 -9999 -9999 -9999 -9999 -9999 -9999 -9999 -9999 -9999 -9999 -9999 -9999 -9999 -9999 -9999 -9999 -9999 -9999 -9999 -9999 -9999 -9999 -9999 -9999 4.015029 4.032418 4.096253 4.100075 4.168456 4.21644 4.247016 4.289752 4.32326 4.338644 4.376696 4.391989 4.433935 4.452146 4.483932 4.497686 4.532051 4.575599 4.601401 4.63231 4.675333 4.703102 4.746036 4.761114 4.788344 4.841156 4.829254 4.865851 4.884188 4.899019 4.905019 4.916263 4.922123 4.923495 4.915413 4.911911 4.907835 4.902183 4.885936 4.887562 4.887096 4.878886
-9999 -9999 -9999 -9999 -9999 -9999 -9999 -9999 -9999 -9999 -9999 -9999 -9999 -9999 -9999 -9999 -9999 -9999 -9999 -9999 -9999 -9999 -9999 -9999 -9999 -9999 -9999 3.975145 3.97611 4.023068 4.081121 4.147702 4.211921 4.234728 4.267833 4.310324 4.351574 4.356418 4.344058 4.410666 4.425385 4.468013 4.490731 4.536967 4.552823 4.574764 4.612238 4.631889 4.694949 4.728387 4.754329 4.772669 4.801136 4.819278 4.868952 4.894745 4.911677 4.919231 4.924023 4.927867 4.919656 4.917955 4.895016 4.892931 4.891958 4.890472 4.892887 4.872573 4.865756
-9999 -9999 -9999 -9999 -9999 -9999 -9999 -9999 -9999 -9999 -9999 -9999 -9999 -9999 -9999 -9999 -9999 -9999 -9999 -9999 -9999 -9999 -9999 -9999 -9999 -9999 -9999 3.97481 3.973849 4.008303 4.067501 4.119388 4.16711 4.227741 4.253564 4.308655 4.340783 4.32994 4.356053 4.400474 4.419526 4.455234 4.498549 4.504557 4.546681 4.574008 4.603222 4.633904 4.669834 4.715586 4.74248 4.770684 4.789564 4.810982 4.889528 4.892825 4.895243 4.914495 4.901661 4.916678 4.90881 4.90657 4.897862 4.890091 4.899211 4.894726 4.882794 4.887614 4.876868
-9999 -9999 -9999 -9999 -9999 -9999 -9999 -9999 -9999 -9999 -9999 -9999 -9999 -9999 -9999 -9999 -9999 -9999 -9999 -9999 -9999 -9999 -9999 -9999 -9999 -9999 -9999 -9999 3.984924 4.009406 4.065671 4.109235 4.154185 4.223358 4.26626 4.290995 4.322337 4.346074 4.364834 4.395533 4.41915 4.461427 4.497565 4.51165 4.561623 4.585607 4.627226 4.653606 4.692237 4.731619 4.780833 4.796343 4.821291 4.862162 4.885949 4.892642 4.902587 4.91715 4.92986 4.944391 4.933048 4.945746 4.911799 4.915946 4.908 4.890216 4.901283 4.879704 4.879333
-9999 -9999 -9999 -9999 -9999 -9999 -9999 -9999 -9999 -9999 -9999 -9999 -9999 -9999 -9999 -9999 -9999 -9999 -9999 -9999 -9999 -9999 -9999 -9999 -9999 -9999 -9999 -9999 3.98673 4.006036 4.069335 4.130322 4.190254 4.224214 4.267387 4.290448 4.32569 4.356658 4.388069 4.409472 4.450189 4.491086 4.497822 4.539821 4.582449 4.606701 4.637852 4.672039 4.718507 4.753933 4.779121 4.822203 4.84537 4.852156 4.875314 4.893757 4.911877 4.924518 4.939541 4.947864 4.948099 4.942875 4.933999 4.924244 4.928613 4.90805 4.896445 4.885009 4.888842
-9999 -9999 -9999 -9999 -9999 -9999 -9999 -9999 -9999 -9999 -9999 -9999 -9999 -9999 -9999 -9999 -9999 -9999 -9999 -9999 -9999 -9999 -9999 -9999 -9999 -9999 -9999 -9999 -9999 4.047176 4.09281 4.151294 4.193447 4.240548 4.258142 4.275949 4.326257 4.367175 4.382451 4.435987 4.455379 4.49496 4.510137 4.539438 4.601351 4.610864 4.643746 4.681831 4.721758 4.761461 4.797482 4.815572 4.832651 4.858778 4.902086 4.906247 4.913003 4.931248 4.979311 4.98092 4.939743 4.959184 4.94547 4.937466 4.929359 4.913148 4.912137 4.879798 4.886187
-9999 -9999 -9999 -9999 -9999 -9999 -9999 -9999 -9999 -9999 -9999 -9999 -9999 -9999 -9999 -9999 -9999 -9999 -9999 -9999 -9999 -9999 -9999 -9999 -9999 -9999 -9999 -9999 -9999 4.090525 4.12428 4.162672 4.214725 4.242222 4.296877 4.39977 4.445207 4.446594 4.427103 4.459919 4.466631 4.505011 4.53124 4.58567 4.609434 4.631593 4.667856 4.698606 4.735599 4.772471 4.778756 4.819627 4.832084 4.858047 4.892486 4.906543 4.924253 4.977384 5.131776 5.067103 4.973939 4.984218 4.954378 4.964777 4.95272 4.929616 4.933469 4.908542 4.932487
-9999 -9999 -9999 -9999 -9999 -9999 -9999 -9999 -9999 -9999 -9999 -9999 -9999 -9999 -9999 -9999 -9999 -9999 -9999 -9999 -9999 -9999 -9999 -9999 -9999 -9999 -9999 -9999 -9999 -9999 4.157442 4.195241 4.2279 4.270499 4.332708 4.606808 4.647876 4.597426 4.46219 4.467292 4.487505 4.513538 4.559773 4.583468 4.619644 4.655588 4.679133 4.727416 4.749467 4.763118 4.796584 4.835674 4.845544 4.867676 4.884345 4.901012 4.943311 5.109146 5.223895 5.14306 5.002341 4.99 4.976655 4.963359 4.955985 4.934896 4.957104 4.942872 4.929999
-9999 -9999 -9999 -9999 -9999 -9999 -9999 -9999 -9999 -9999 -9999 -9999 -9999 -9999 -9999 -9999 -9999 -9999 -9999 -9999 -9999 -9999 -9999 -9999 -9999 -9999 -9999 -9999 -9999 -9999 4.179401 4.226884 4.239689 4.258946 4.394544 4.589686 4.679235 4.618659 4.474465 4.475145 4.478949 4.541438 4.555269 4.598702 4.619565 4.644985 4.688764 4.727698 4.779113 4.79982 4.817168 4.870006 4.913164 4.902551 4.913869 4.94572 4.987689 5.142752 5.29408 5.198893 5.052514 5.017526 4.999498 5.011918 4.982495 4.970314 4.962215 4.946418 4.941442
-9999 -9999 -9999 -9999 -9999 -9999 -9999 -9999 -9999 -9999 -9999 -9999 -9999 -9999 -9999 -9999 -9999 -9999 -9999 -9999 -9999 -9999 -9999 -9999 -9999 -9999 -9999 -9999 -9999 -9999 -9999 4.214271 4.240205 4.271965 4.372096 4.523407 4.600028 4.588331 4.504151 4.485055 4.523196 4.546238 4.550392 4.607066 4.629994 4.654073 4.71217 4.734624 4.77516 4.793906 4.828146 4.852892 4.878234 4.912389 4.946949 4.945657 4.970612 5.154157 5.271107 5.182452 5.05847 5.03335 5.033952 5.019299 5.001397 4.988762 4.972302 4.952051 4.956702
-9999 -9999 -9999 -9999 -9999 -9999 -9999 -9999 -9999 -9999 -9999 -9999 -9999 -9999 -9999 -9999 -9999 -9999 -9999 -9999 -9999 -9999 -9999 -9999 -9999 -9999 -9999 -9999 -9999 -9999 -9999 4.223826 4.247409 4.290427 4.322198 4.422312 4.554446 4.57952 4.499336 4.501375 4.519404 4.541639 4.559943 4.596542 4.639112 4.655895 4.711202 4.738898 4.74997 4.774112 4.789634 4.799129 4.85904 4.913152 4.924186 4.923153 4.979426 5.18438 5.265502 5.210274 5.05205 5.032666 5.017235 5.033096 5.037299 4.981624 4.969902 4.978359 4.966014
-9999 -9999 -9999 -9999 -9999 -9999 -9999 -9999 -9999 -9999 -9999 -9999 -9999 -9999 -9999 -9999 -9999 -9999 -9999 -9999 -9999 -9999 -9999 -9999 -9999 -9999 -9999 -9999 -9999 -9999 -9999 4.228289 4.253889 4.286727 4.321565 4.397669 4.538021 4.595647 4.554685 4.536258 4.533781 4.58912 4.580691 4.619107 4.632761 4.694335 4.733233 4.72313 4.729158 4.745593 4.733999 4.761773 4.788246 4.824194 4.820654 4.850389 4.979501 5.139404 5.260696 5.228766 5.061637 5.042005 4.971972 5.000911 5.007876 5.001718 4.972592 4.970394 5.016526
-9999 -9999 -9999 -9999 -9999 -9999 -9999 -9999 -9999 -9999 -9999 -9999 -9999 -9999 -9999 -9999 -9999 -9999 -9999 -9999 -9999 -9999 -9999 -9999 -9999 -9999 -9999 -9999 -9999 -9999 -9999 -9999 4.246756 4.269791 4.289409 4.33849 4.495963 4.610541 4.642941 4.617649 4.647133 4.701571 4.69833 4.741413 4.71783 4.796338 4.827437 4.809464 4.759726 4.736116 4.722265 4.751035 4.784609 4.817034 4.87312 4.993454 5.186208 5.203672 5.252694 5.267973 5.192292 5.087276 4.975286 5.056689 5.03682 5.097437 5.154874 5.163068 5.156363
-9999 -9999 -9999 -9999 -9999 -9999 -9999 -9999 -9999 -9999 -9999 -9999 -9999 -9999 -9999 -9999 -9999 -9999 -9999 -9999 -9999 -9999 -9999 -9999 -9999 -9999 -9999 -9999 -9999 -9999 -9999 -9999 4.248014 4.272022 4.297858 4.315036 4.428618 4.565733 4.632057 4.67087 4.679321 4.730455 4.764746 4.784435 4.802099 4.868287 4.916947 4.928154 4.803552 4.752365 4.730192 4.750991 4.793198 4.850398 4.923171 5.043943 5.211847 5.215163 5.233769 5.268747 5.28235 5.21925 5.093782 5.136447 5.26881 5.243574 5.213442 5.259821 5.244053
-9999 -9999 -9999 -9999 -9999 -9999 -9999 -9999 -9999 -9999 -9999 -9999 -9999 -9999 -9999 -9999 -9999 -9999 -9999 -9999 -9999 -9999 -9999 -9999 -9999 -9999 -9999 -9999 -9999 -9999 -9999 -9999 -9999 4.251022 4.277432 4.287377 4.330871 4.501417 4.601095 4.662137 4.695271 4.720095 4.731524 4.715067 4.724085 4.776789 4.790977 4.822397 4.803005 4.755288 4.731285 4.738252 4.796871 4.878463 4.940744 5.019742 5.138098 5.169612 5.232669 5.238431 5.210206 5.170075 5.058722 5.020137 5.123585 5.121247 5.050919 5.034673 4.980123
-9999 -9999 -9999 -9999 -9999 -9999 -9999 -9999 -9999 -9999 -9999 -9999 -9999 -9999 -9999 -9999 -9999 -9999 -9999 -9999 -9999 -9999 -9999 -9999 -9999 -9999 -9999 -9999 -9999 -9999 -9999 -9999 -9999 4.24719 4.280205 4.300953 4.321222 4.430815 4.556387 4.64648 4.682854 4.670925 4.699985 4.614484 4.545357 4.580627 4.598338 4.644381 4.689204 4.709239 4.734431 4.688069 4.791355 4.866372 4.893552 4.839933 4.854064 5.057551 5.207734 5.214341 5.050028 5.013122 4.980683 4.942048 4.973919 4.974689 4.948872 4.944097 4.955916
-9999 -9999 -9999 -9999 -9999 -9999 -9999 -9999 -9999 -9999 -9999 -9999 -9999 -9999 -9999 -9999 -9999 -9999 -9999 -9999 -9999 -9999 -9999 -9999 -9999 -9999 -9999 -9999 -9999 -9999 -9999 -9999 -9999 -9999 4.270462 4.293751 4.324431 4.367896 4.516478 4.608085 4.62835 4.685332 4.700021 4.5969 4.526833 4.536695 4.570516 4.630314 4.648664 4.672523 4.735608 4.749544 4.78251 4.802071 4.829228 4.876303 4.887135 5.059718 5.206101 5.202212 5.035 4.988985 4.965261 4.970294 4.973287 4.963177 4.94703 4.956386 4.949986
-9999 -9999 -9999 -9999 -9999 -9999 -9999 -9999 -9999 -9999 -9999 -9999 -9999 -9999 -9999 -9999 -9999 -9999 -9999 -9999 -9999 -9999 -9999 -9999 -9999 -9999 -9999 -9999 -9999 -9999 -9999 -9999 -9999 -9999 4.245322 4.267874 4.302475 4.339121 4.4642 4.573067 4.629617 4.663345 4.666075 4.531237 4.511385 4.547551 4.572356 4.613286 4.62873 4.67063 4.716917 4.745815 4.768264 4.809381 4.826026 4.869745 4.887418 5.01171 5.201474 5.202884 5.055386 4.977318 4.943956 4.960707 4.950441 4.940114 4.954037 4.955041 4.954766
