frankpre.txt
ncols         267
nrows         420
xllcorner     201388.11327243
yllcorner     536839.08538242
cellsize      1.0003382342261
NODATA_value  -9999
[rows 155 to 185 of 420, columns 140 to 209 of 267]
4.845309 4.84791 4.842357 4.837659 4.84279 4.839193 4.814703 4.7932 4.780684 4.660618 3.835711 2.553766 2.016356 1.91701 1.837636 1.755128 1.676739 1.614269 1.554629 1.493706 1.443251 1.397863 1.358283 1.320735 1.282648 1.248612 1.216519 1.183983 1.15135 1.117177 -9999 -9999 -9999 -9999 -9999 -9999 -9999 -9999 -9999 -9999 -9999 -9999 -9999 -9999 -9999 -9999 -9999 -9999 -9999 -9999 -9999 -9999 -9999 -9999 -9999 -9999 -9999 -9999 -9999 -9999 -9999 -9999 -9999 -9999 -9999 -9999 -9999 -9999 -9999 -9999
4.872073 4.86999 4.853896 4.836815 4.833583 4.82878 4.810925 4.790421 4.762259 4.704422 4.188664 2.940576 2.109937 1.949925 1.869289 1.787082 1.707422 1.641254 1.582524 1.518911 1.468228 1.423074 1.37814 1.336268 1.297657 1.265831 1.235522 1.202273 1.167819 1.13327 -9999 -9999 -9999 -9999 -9999 -9999 -9999 -9999 -9999 -9999 -9999 -9999 -9999 -9999 -9999 -9999 -9999 -9999 -9999 -9999 -9999 -9999 -9999 -9999 -9999 -9999 -9999 -9999 -9999 -9999 -9999 -9999 -9999 -9999 -9999 -9999 -9999 -9999 -9999 -9999
4.887608 4.8722 4.847896 4.826479 4.819275 4.817648 4.811543 4.799526 4.767036 4.741938 4.4632 3.327006 2.261368 1.990156 1.902421 1.820807 1.738736 1.667048 1.608365 1.54848 1.492197 1.442845 1.396876 1.353309 1.313461 1.280034 1.24897 1.215789 1.181937 1.148763 1.116706 -9999 -9999 -9999 -9999 -9999 -9999 -9999 -9999 -9999 -9999 -9999 -9999 -9999 -9999 -9999 -9999 -9999 -9999 -9999 -9999 -9999 -9999 -9999 -9999 -9999 -9999 -9999 -9999 -9999 -9999 -9999 -9999 -9999 -9999 -9999 -9999 -9999 -9999 -9999
4.884051 4.864196 4.841969 4.825526 4.814268 4.810189 4.822081 4.829789 4.803175 4.779447 4.684538 4.027383 2.912417 2.189353 1.94431 1.858919 1.781572 1.705761 1.638952 1.578648 1.523547 1.473802 1.424309 1.375218 1.330946 1.295855 1.265253 1.233684 1.202219 1.170184 1.135736 -9999 -9999 -9999 -9999 -9999 -9999 -9999 -9999 -9999 -9999 -9999 -9999 -9999 -9999 -9999 -9999 -9999 -9999 -9999 -9999 -9999 -9999 -9999 -9999 -9999 -9999 -9999 -9999 -9999 -9999 -9999 -9999 -9999 -9999 -9999 -9999 -9999 -9999 -9999
4.878712 4.859263 4.843261 4.830883 4.818726 4.811022 4.821394 4.8302 4.810165 4.78407 4.769582 4.615087 3.803395 2.573641 2.011711 1.916902 1.834231 1.746973 1.672996 1.607882 1.54979 1.498317 1.447716 1.401336 1.357785 1.31791 1.283021 1.249292 1.21763 1.186232 1.150921 -9999 -9999 -9999 -9999 -9999 -9999 -9999 -9999 -9999 -9999 -9999 -9999 -9999 -9999 -9999 -9999 -9999 -9999 -9999 -9999 -9999 -9999 -9999 -9999 -9999 -9999 -9999 -9999 -9999 -9999 -9999 -9999 -9999 -9999 -9999 -9999 -9999 -9999 -9999
4.875523 4.860744 4.848441 4.836905 4.827501 4.826221 4.82682 4.813273 4.800914 4.800255 4.796499 4.744991 4.19701 2.95279 2.130607 1.950874 1.871221 1.782882 1.708266 1.63745 1.572271 1.513943 1.461951 1.41741 1.375503 1.334318 1.294214 1.255521 1.22441 1.198937 1.170394 1.136599 -9999 -9999 -9999 -9999 -9999 -9999 -9999 -9999 -9999 -9999 -9999 -9999 -9999 -9999 -9999 -9999 -9999 -9999 -9999 -9999 -9999 -9999 -9999 -9999 -9999 -9999 -9999 -9999 -9999 -9999 -9999 -9999 -9999 -9999 -9999 -9999 -9999 -9999
4.877805 4.867412 4.857072 4.846628 4.840901 4.84689 4.843692 4.820543 4.815961 4.835512 4.836317 4.802571 4.573414 3.666654 2.511712 2.003731 1.896927 1.816013 1.739892 1.666986 1.599444 1.539091 1.484789 1.435236 1.391417 1.351247 1.308947 1.271089 1.242501 1.216679 1.185371 1.151598 -9999 -9999 -9999 -9999 -9999 -9999 -9999 -9999 -9999 -9999 -9999 -9999 -9999 -9999 -9999 -9999 -9999 -9999 -9999 -9999 -9999 -9999 -9999 -9999 -9999 -9999 -9999 -9999 -9999 -9999 -9999 -9999 -9999 -9999 -9999 -9999 -9999 -9999
4.879908 4.871736 4.859671 4.851916 4.851455 4.853384 4.85123 4.844805 4.844416 4.859206 4.864981 4.833081 4.757565 4.285819 3.118674 2.148186 1.9296 1.855292 1.780724 1.704359 1.632493 1.568881 1.510532 1.456653 1.40872 1.365912 1.323823 1.289806 1.262744 1.234617 1.200563 1.167235 1.135702 -9999 -9999 -9999 -9999 -9999 -9999 -9999 -9999 -9999 -9999 -9999 -9999 -9999 -9999 -9999 -9999 -9999 -9999 -9999 -9999 -9999 -9999 -9999 -9999 -9999 -9999 -9999 -9999 -9999 -9999 -9999 -9999 -9999 -9999 -9999 -9999 -9999
4.868896 4.877123 4.872386 4.862279 4.854161 4.850803 4.851185 4.851859 4.844731 4.840075 4.847941 4.825469 4.789326 4.553274 3.597003 2.406455 1.976731 1.885452 1.80845 1.730457 1.657941 1.591223 1.532535 1.480842 1.431236 1.386207 1.343561 1.30612 1.276563 1.249523 1.219955 1.186835 1.152967 -9999 -9999 -9999 -9999 -9999 -9999 -9999 -9999 -9999 -9999 -9999 -9999 -9999 -9999 -9999 -9999 -9999 -9999 -9999 -9999 -9999 -9999 -9999 -9999 -9999 -9999 -9999 -9999 -9999 -9999 -9999 -9999 -9999 -9999 -9999 -9999 -9999
4.855607 4.862357 4.86981 4.864491 4.84966 4.844111 4.846894 4.84654 4.834757 4.827029 4.834061 4.819075 4.790995 4.670318 4.018397 2.767417 2.040371 1.916763 1.839217 1.762254 1.691535 1.621456 1.558074 1.504919 1.458945 1.414746 1.368065 1.324226 1.290808 1.262033 1.234758 1.205351 1.170908 1.135404 -9999 -9999 -9999 -9999 -9999 -9999 -9999 -9999 -9999 -9999 -9999 -9999 -9999 -9999 -9999 -9999 -9999 -9999 -9999 -9999 -9999 -9999 -9999 -9999 -9999 -9999 -9999 -9999 -9999 -9999 -9999 -9999 -9999 -9999 -9999 -9999
4.83363 4.844104 4.848591 4.84444 4.839019 4.840485 4.845217 4.841183 4.824159 4.815907 4.816746 4.803043 4.779643 4.717189 4.307936 3.150522 2.180014 1.94608 1.866018 1.791441 1.720657 1.648033 1.581998 1.526294 1.479629 1.435963 1.387371 1.339867 1.302745 1.273541 1.247782 1.221343 1.187999 1.151936 -9999 -9999 -9999 -9999 -9999 -9999 -9999 -9999 -9999 -9999 -9999 -9999 -9999 -9999 -9999 -9999 -9999 -9999 -9999 -9999 -9999 -9999 -9999 -9999 -9999 -9999 -9999 -9999 -9999 -9999 -9999 -9999 -9999 -9999 -9999 -9999
4.840376 4.831966 4.840415 4.838483 4.835329 4.839407 4.842986 4.832531 4.812006 4.805963 4.809013 4.796941 4.768902 4.687179 4.299243 3.268607 2.28467 1.979398 1.899217 1.82166 1.748219 1.675077 1.607214 1.546007 1.495006 1.451741 1.405513 1.361013 1.320273 1.286854 1.260763 1.23266 1.201541 1.167902 1.134066 -9999 -9999 -9999 -9999 -9999 -9999 -9999 -9999 -9999 -9999 -9999 -9999 -9999 -9999 -9999 -9999 -9999 -9999 -9999 -9999 -9999 -9999 -9999 -9999 -9999 -9999 -9999 -9999 -9999 -9999 -9999 -9999 -9999 -9999 -9999
4.93908 4.848692 4.842823 4.851986 4.843137 4.840403 4.840051 4.822418 4.8043 4.814438 4.817369 4.783838 4.742127 4.670754 4.335092 3.404149 2.414619 2.026813 1.935062 1.856384 1.78478 1.715439 1.647855 1.579846 1.520046 1.471469 1.426434 1.387549 1.346661 1.306418 1.27665 1.249708 1.21915 1.18613 1.150035 -9999 -9999 -9999 -9999 -9999 -9999 -9999 -9999 -9999 -9999 -9999 -9999 -9999 -9999 -9999 -9999 -9999 -9999 -9999 -9999 -9999 -9999 -9999 -9999 -9999 -9999 -9999 -9999 -9999 -9999 -9999 -9999 -9999 -9999 -9999
4.967143 4.848181 4.816516 4.82787 4.844254 4.848217 4.842379 4.827393 4.819428 4.827612 4.811512 4.779488 4.744688 4.672107 4.431769 3.689623 2.672738 2.094168 1.963164 1.886784 1.816736 1.745612 1.674986 1.605642 1.543148 1.494752 1.451807 1.415586 1.372665 1.327252 1.295523 1.269657 1.237045 1.200896 1.163977 -9999 -9999 -9999 -9999 -9999 -9999 -9999 -9999 -9999 -9999 -9999 -9999 -9999 -9999 -9999 -9999 -9999 -9999 -9999 -9999 -9999 -9999 -9999 -9999 -9999 -9999 -9999 -9999 -9999 -9999 -9999 -9999 -9999 -9999 -9999
4.915399 4.839378 4.817318 4.813597 4.826903 4.844235 4.849909 4.84049 4.826072 4.814827 4.805354 4.790427 4.757083 4.692726 4.470751 3.812731 2.885993 2.232622 2.003218 1.921937 1.850516 1.777471 1.702451 1.627056 1.562467 1.515203 1.46967 1.431265 1.390692 1.345893 1.310429 1.281759 1.251652 1.217285 1.180802 1.142684 -9999 -9999 -9999 -9999 -9999 -9999 -9999 -9999 -9999 -9999 -9999 -9999 -9999 -9999 -9999 -9999 -9999 -9999 -9999 -9999 -9999 -9999 -9999 -9999 -9999 -9999 -9999 -9999 -9999 -9999 -9999 -9999 -9999 -9999
5.104817 4.955339 4.884748 4.84258 4.819647 4.818251 4.819203 4.814908 4.825721 4.838166 4.83475 4.815175 4.775689 4.702663 4.472823 3.87258 3.085031 2.426259 2.073867 1.962273 1.891466 1.815427 1.738413 1.662852 1.594187 1.537305 1.487277 1.448108 1.408271 1.364188 1.323899 1.291127 1.261518 1.231181 1.197763 1.159282 -9999 -9999 -9999 -9999 -9999 -9999 -9999 -9999 -9999 -9999 -9999 -9999 -9999 -9999 -9999 -9999 -9999 -9999 -9999 -9999 -9999 -9999 -9999 -9999 -9999 -9999 -9999 -9999 -9999 -9999 -9999 -9999 -9999 -9999
5.484948 5.31178 5.096717 4.918569 4.838072 4.818991 4.808762 4.797124 4.814572 4.855127 4.867039 4.840724 4.79319 4.723133 4.542557 4.080068 3.420594 2.765913 2.243207 2.004533 1.920362 1.846059 1.770048 1.697601 1.629822 1.5688 1.514585 1.468443 1.428765 1.388275 1.343195 1.304975 1.275156 1.244315 1.210411 1.177082 1.138422 -9999 -9999 -9999 -9999 -9999 -9999 -9999 -9999 -9999 -9999 -9999 -9999 -9999 -9999 -9999 -9999 -9999 -9999 -9999 -9999 -9999 -9999 -9999 -9999 -9999 -9999 -9999 -9999 -9999 -9999 -9999 -9999 -9999
5.633977 5.538609 5.233869 4.945485 4.845232 4.822355 4.804234 4.78424 4.794942 4.841623 4.877857 4.866926 4.821369 4.771651 4.685768 4.39792 3.849889 3.213359 2.601032 2.160472 1.972039 1.884187 1.807357 1.732444 1.663064 1.602015 1.54487 1.491104 1.446697 1.406717 1.363338 1.322737 1.288197 1.253659 1.22374 1.192338 1.150792 -9999 -9999 -9999 -9999 -9999 -9999 -9999 -9999 -9999 -9999 -9999 -9999 -9999 -9999 -9999 -9999 -9999 -9999 -9999 -9999 -9999 -9999 -9999 -9999 -9999 -9999 -9999 -9999 -9999 -9999 -9999 -9999 -9999
5.628964 5.584651 5.340791 5.070469 4.943085 4.860266 4.796873 4.76629 4.775097 4.821085 4.866548 4.863259 4.834315 4.808062 4.773393 4.636548 4.277901 3.812545 3.341093 2.692891 2.136463 1.930566 1.847319 1.76654 1.692778 1.629549 1.567702 1.510457 1.462281 1.421976 1.380773 1.33851 1.302807 1.268842 1.236529 1.204089 1.166138 1.126643 -9999 -9999 -9999 -9999 -9999 -9999 -9999 -9999 -9999 -9999 -9999 -9999 -9999 -9999 -9999 -9999 -9999 -9999 -9999 -9999 -9999 -9999 -9999 -9999 -9999 -9999 -9999 -9999 -9999 -9999 -9999 -9999
5.611582 5.594077 5.495785 5.358695 5.214473 5.016462 4.830045 4.760539 4.765247 4.794375 4.826766 4.837998 4.861418 4.884459 4.860534 4.777963 4.63282 4.486853 4.368416 3.599758 2.431449 1.976607 1.879551 1.798443 1.719617 1.649555 1.583374 1.524525 1.474442 1.434898 1.397195 1.354243 1.314263 1.27814 1.245359 1.21576 1.181925 1.142 -9999 -9999 -9999 -9999 -9999 -9999 -9999 -9999 -9999 -9999 -9999 -9999 -9999 -9999 -9999 -9999 -9999 -9999 -9999 -9999 -9999 -9999 -9999 -9999 -9999 -9999 -9999 -9999 -9999 -9999 -9999 -9999
5.591153 5.611049 5.606962 5.564227 5.458472 5.220098 4.913517 4.79104 4.785125 4.776606 4.78892 4.831453 4.899988 4.937569 4.913551 4.844987 4.783774 4.750977 4.692184 4.120505 2.883247 2.098071 1.908598 1.83202 1.751676 1.677786 1.607569 1.54557 1.493655 1.447605 1.409146 1.366354 1.323868 1.288805 1.259395 1.228476 1.193652 1.157854 1.121739 -9999 -9999 -9999 -9999 -9999 -9999 -9999 -9999 -9999 -9999 -9999 -9999 -9999 -9999 -9999 -9999 -9999 -9999 -9999 -9999 -9999 -9999 -9999 -9999 -9999 -9999 -9999 -9999 -9999 -9999 -9999
5.572217 5.601696 5.623824 5.619187 5.555605 5.338776 5.027111 4.90529 4.888287 4.819005 4.784613 4.82877 4.901374 4.916245 4.889304 4.844907 4.799583 4.773304 4.735666 4.506986 3.511101 2.375262 1.957219 1.863443 1.785488 1.711403 1.638639 1.575767 1.517144 1.464772 1.42535 1.382523 1.339943 1.303668 1.27173 1.241427 1.209893 1.174381 1.137559 -9999 -9999 -9999 -9999 -9999 -9999 -9999 -9999 -9999 -9999 -9999 -9999 -9999 -9999 -9999 -9999 -9999 -9999 -9999 -9999 -9999 -9999 -9999 -9999 -9999 -9999 -9999 -9999 -9999 -9999 -9999
5.565305 5.58759 5.616673 5.621475 5.5802 5.438282 5.233516 5.102787 5.008377 4.887778 4.813564 4.817685 4.874301 4.899376 4.876027 4.829432 4.79107 4.772151 4.750089 4.666641 4.056973 2.837569 2.049213 1.88867 1.810216 1.731847 1.656612 1.596706 1.538673 1.483482 1.438569 1.394842 1.352117 1.31365 1.281024 1.25444 1.229368 1.195629 1.15792 -9999 -9999 -9999 -9999 -9999 -9999 -9999 -9999 -9999 -9999 -9999 -9999 -9999 -9999 -9999 -9999 -9999 -9999 -9999 -9999 -9999 -9999 -9999 -9999 -9999 -9999 -9999 -9999 -9999 -9999 -9999
5.566873 5.57913 5.605107 5.614427 5.602971 5.562689 5.484705 5.349027 5.142095 4.946472 4.837101 4.801153 4.812852 4.829137 4.820902 4.798552 4.783401 4.773324 4.767701 4.764238 4.421163 3.282806 2.229259 1.928097 1.842345 1.759726 1.681707 1.61985 1.56495 1.509733 1.460527 1.416615 1.375373 1.335348 1.299362 1.269861 1.245548 1.216552 1.179576 1.14032 -9999 -9999 -9999 -9999 -9999 -9999 -9999 -9999 -9999 -9999 -9999 -9999 -9999 -9999 -9999 -9999 -9999 -9999 -9999 -9999 -9999 -9999 -9999 -9999 -9999 -9999 -9999 -9999 -9999 -9999
5.572307 5.574529 5.582556 5.587104 5.586856 5.596258 5.598727 5.534177 5.31673 5.030579 4.840349 4.773877 4.766937 4.774229 4.773839 4.772563 4.773999 4.76932 4.777575 4.811871 4.618374 3.731035 2.542974 1.995037 1.88048 1.798888 1.716756 1.646045 1.589618 1.537601 1.485034 1.441298 1.402837 1.360203 1.319242 1.283827 1.256518 1.233431 1.20137 1.161331 -9999 -9999 -9999 -9999 -9999 -9999 -9999 -9999 -9999 -9999 -9999 -9999 -9999 -9999 -9999 -9999 -9999 -9999 -9999 -9999 -9999 -9999 -9999 -9999 -9999 -9999 -9999 -9999 -9999 -9999
5.578834 5.577353 5.572237 5.566881 5.569663 5.590953 5.606086 5.571043 5.404585 5.124595 4.901433 4.785485 4.744592 4.754158 4.776124 4.801345 4.806935 4.785028 4.778969 4.807301 4.750754 4.246767 3.10436 2.175778 1.911718 1.834852 1.751847 1.675291 1.613427 1.559587 1.506103 1.460165 1.420568 1.379408 1.339788 1.304351 1.27482 1.24978 1.218635 1.179612 1.139596 -9999 -9999 -9999 -9999 -9999 -9999 -9999 -9999 -9999 -9999 -9999 -9999 -9999 -9999 -9999 -9999 -9999 -9999 -9999 -9999 -9999 -9999 -9999 -9999 -9999 -9999 -9999 -9999 -9999
5.586439 5.582973 5.574234 5.564904 5.564211 5.58456 5.605746 5.591663 5.510654 5.328471 5.096143 4.888321 4.779342 4.769294 4.837403 4.945212 4.92646 4.815017 4.776398 4.777971 4.764137 4.53727 3.643073 2.415317 1.934905 1.864536 1.787576 1.712626 1.646679 1.586099 1.529621 1.480096 1.436261 1.394382 1.357616 1.326842 1.294728 1.263482 1.232906 1.197735 1.157359 -9999 -9999 -9999 -9999 -9999 -9999 -9999 -9999 -9999 -9999 -9999 -9999 -9999 -9999 -9999 -9999 -9999 -9999 -9999 -9999 -9999 -9999 -9999 -9999 -9999 -9999 -9999 -9999 -9999
5.593856 5.587139 5.577583 5.570135 5.568497 5.576027 5.586347 5.583858 5.573482 5.511462 5.33299 5.06075 4.858032 4.816661 4.931185 5.119662 5.139805 4.959045 4.803923 4.769075 4.766997 4.642758 3.891076 2.571339 1.968347 1.893998 1.821252 1.745533 1.673868 1.608689 1.550121 1.498283 1.451651 1.406208 1.367656 1.337471 1.308536 1.282439 1.252847 1.215769 1.176776 1.138106 -9999 -9999 -9999 -9999 -9999 -9999 -9999 -9999 -9999 -9999 -9999 -9999 -9999 -9999 -9999 -9999 -9999 -9999 -9999 -9999 -9999 -9999 -9999 -9999 -9999 -9999 -9999 -9999
5.600327 5.591479 5.584519 5.581027 5.578103 5.573179 5.565107 5.556943 5.572189 5.600577 5.538154 5.290691 5.008142 4.90634 4.999443 5.139709 5.166624 5.025001 4.83207 4.770188 4.750561 4.704027 4.434289 3.390508 2.224426 1.925634 1.856315 1.784114 1.709423 1.639593 1.574215 1.513321 1.465474 1.428225 1.391028 1.35504 1.323304 1.296732 1.265971 1.229652 1.192272 1.151608 -9999 -9999 -9999 -9999 -9999 -9999 -9999 -9999 -9999 -9999 -9999 -9999 -9999 -9999 -9999 -9999 -9999 -9999 -9999 -9999 -9999 -9999 -9999 -9999 -9999 -9999 -9999 -9999
5.604964 5.59864 5.59504 5.590701 5.583215 5.574998 5.568771 5.562031 5.568162 5.59741 5.60569 5.51986 5.32438 5.185407 5.145271 5.123588 5.065343 4.926611 4.806986 4.773523 4.753936 4.73461 4.600625 3.767837 2.531927 2.012717 1.905549 1.837546 1.757977 1.682125 1.613048 1.547089 1.491128 1.447533 1.410712 1.373594 1.340456 1.310321 1.276158 1.240253 1.20312 1.165325 1.127947 -9999 -9999 -9999 -9999 -9999 -9999 -9999 -9999 -9999 -9999 -9999 -9999 -9999 -9999 -9999 -9999 -9999 -9999 -9999 -9999 -9999 -9999 -9999 -9999 -9999 -9999 -9999
5.611376 5.607255 5.601897 5.594042 5.58676 5.584239 5.588293 5.592141 5.593929 5.605898 5.616907 5.623041 5.572247 5.421396 5.235189 5.097248 5.013832 4.912067 4.822272 4.789676 4.774381 4.755462 4.69112 4.189401 3.132002 2.259366 1.944496 1.870098 1.792442 1.713636 1.637035 1.569676 1.512009 1.462248 1.424879 1.393611 1.360246 1.325001 1.28849 1.250738 1.218426 1.184332 1.143717 -9999 -9999 -9999 -9999 -9999 -9999 -9999 -9999 -9999 -9999 -9999 -9999 -9999 -9999 -9999 -9999 -9999 -9999 -9999 -9999 -9999 -9999 -9999 -9999 -9999 -9999 -9999
