frankpre.txt
ncols         267
nrows         420
xllcorner     201388.11327243
yllcorner     536839.08538242
cellsize      1.0003382342261
NODATA_value  -9999
[rows 31 to 61 of 420, columns 70 to 139 of 267]
3.714085 3.669625 3.621964 3.579731 3.537123 3.490346 3.440987 3.392447 3.349517 3.308416 3.259485 3.203281 3.142623 3.11223 3.153766 3.265559 3.222426 2.692519 2.02266 1.828264 1.819619 1.785712 1.744142 1.701858 1.664528 1.634764 1.59961 1.556629 1.51754 1.48133 1.442424 1.407199 1.379867 1.359836 1.34051 1.321627 1.305167 1.286849 1.267859 1.249029 1.227372 1.205592 1.181992 1.157836 1.133692 -9999 -9999 -9999 -9999 -9999 -9999 -9999 -9999 -9999 -9999 -9999 -9999 -9999 -9999 -9999 -9999 -9999 -9999 -9999 -9999 -9999 -9999 -9999 -9999 -9999
3.730278 3.688353 3.64316 3.598719 3.548814 3.502511 3.457971 3.411818 3.369635 3.323462 3.272585 3.220101 3.16199 3.110115 3.116629 3.222669 3.335498 3.180334 2.569058 2.004553 1.834591 1.804239 1.773012 1.737218 1.69662 1.655541 1.615937 1.577578 1.540689 1.498458 1.455551 1.420938 1.392517 1.368699 1.346664 1.328105 1.310766 1.291207 1.271843 1.254451 1.235633 1.217629 1.20089 1.180593 1.156753 -9999 -9999 -9999 -9999 -9999 -9999 -9999 -9999 -9999 -9999 -9999 -9999 -9999 -9999 -9999 -9999 -9999 -9999 -9999 -9999 -9999 -9999 -9999 -9999 -9999
3.753964 3.710381 3.664819 3.625332 3.577989 3.525292 3.471499 3.422427 3.377663 3.331798 3.283423 3.232978 3.182309 3.135653 3.142377 3.235182 3.368542 3.393272 2.977897 2.211595 1.853153 1.822458 1.797933 1.767403 1.729841 1.686843 1.6423 1.601846 1.563322 1.521137 1.478401 1.439897 1.411032 1.381967 1.355198 1.334982 1.316177 1.29798 1.279791 1.26596 1.250718 1.230945 1.212268 1.192292 1.170108 1.141991 -9999 -9999 -9999 -9999 -9999 -9999 -9999 -9999 -9999 -9999 -9999 -9999 -9999 -9999 -9999 -9999 -9999 -9999 -9999 -9999 -9999 -9999 -9999 -9999
3.758942 3.720985 3.677486 3.633492 3.59532 3.548162 3.492603 3.438313 3.386783 3.336926 3.290908 3.246686 3.199631 3.155254 3.147045 3.225104 3.361622 3.438623 3.176994 2.45377 1.93642 1.850503 1.818422 1.783639 1.747674 1.710059 1.668475 1.624428 1.583288 1.543831 1.503584 1.463491 1.430887 1.397753 1.369448 1.348496 1.330727 1.316892 1.302745 1.285852 1.263097 1.240917 1.225673 1.207787 1.185951 1.159538 -9999 -9999 -9999 -9999 -9999 -9999 -9999 -9999 -9999 -9999 -9999 -9999 -9999 -9999 -9999 -9999 -9999 -9999 -9999 -9999 -9999 -9999 -9999 -9999
3.754191 3.710441 3.668934 3.634805 3.599344 3.552243 3.496643 3.434674 3.369778 3.307242 3.252793 3.198595 3.139817 3.097792 3.099517 3.15057 3.211424 3.207932 3.038227 2.532978 2.004342 1.881389 1.8524 1.82298 1.787272 1.747589 1.702806 1.654171 1.608081 1.567595 1.526697 1.48185 1.446334 1.412707 1.381097 1.358969 1.342386 1.328091 1.313964 1.295169 1.270748 1.249382 1.230531 1.209849 1.190368 1.166234 1.135186 -9999 -9999 -9999 -9999 -9999 -9999 -9999 -9999 -9999 -9999 -9999 -9999 -9999 -9999 -9999 -9999 -9999 -9999 -9999 -9999 -9999 -9999 -9999
3.059895 3.011834 3.085159 3.194195 3.186831 3.036632 2.858886 2.750304 2.645753 2.527134 2.427101 2.346906 2.326647 2.454295 2.629098 2.659937 2.56599 2.436646 2.292701 2.095318 1.921226 1.879254 1.878708 1.882726 1.847279 1.783948 1.730669 1.686178 1.639677 1.593026 1.553776 1.51503 1.470709 1.427508 1.393717 1.368696 1.348765 1.330208 1.310938 1.291946 1.274993 1.259111 1.239893 1.218787 1.199959 1.177151 1.146966 -9999 -9999 -9999 -9999 -9999 -9999 -9999 -9999 -9999 -9999 -9999 -9999 -9999 -9999 -9999 -9999 -9999 -9999 -9999 -9999 -9999 -9999 -9999
1.662679 1.705519 1.843677 1.940899 1.946088 1.852378 1.715636 1.677922 1.655651 1.626065 1.620417 1.620428 1.655506 1.787789 1.875236 1.826346 1.758091 1.730477 1.740423 1.758785 1.777128 1.796604 1.813958 1.819659 1.808023 1.7764 1.731488 1.682148 1.645897 1.615285 1.579213 1.539276 1.496103 1.454841 1.417814 1.388826 1.363225 1.340067 1.320141 1.29814 1.278463 1.263451 1.245489 1.224027 1.204559 1.18336 1.15578 1.126815 -9999 -9999 -9999 -9999 -9999 -9999 -9999 -9999 -9999 -9999 -9999 -9999 -9999 -9999 -9999 -9999 -9999 -9999 -9999 -9999 -9999 -9999
1.472065 1.447975 1.442405 1.459896 1.499971 1.537392 1.540339 1.530429 1.538669 1.557805 1.566885 1.562457 1.554134 1.555465 1.571962 1.596388 1.62291 1.649961 1.677059 1.704402 1.731568 1.759357 1.786324 1.804026 1.803774 1.785868 1.75177 1.701439 1.655975 1.636866 1.607824 1.563675 1.520874 1.47928 1.436215 1.398756 1.37049 1.349649 1.332363 1.310739 1.288831 1.272628 1.254242 1.234625 1.217303 1.199021 1.176993 1.151527 -9999 -9999 -9999 -9999 -9999 -9999 -9999 -9999 -9999 -9999 -9999 -9999 -9999 -9999 -9999 -9999 -9999 -9999 -9999 -9999 -9999 -9999
1.479987 1.479766 1.479737 1.480423 1.490209 1.512761 1.529733 1.535878 1.539908 1.543922 1.548001 1.552269 1.556157 1.558172 1.56138 1.573354 1.593797 1.61826 1.644292 1.67083 1.6977 1.725421 1.753143 1.779083 1.79838 1.802381 1.788006 1.755443 1.70773 1.675957 1.648283 1.600909 1.553614 1.505812 1.462481 1.425718 1.393963 1.369417 1.349801 1.328764 1.30789 1.289424 1.267714 1.246857 1.228282 1.210486 1.189414 1.164514 -9999 -9999 -9999 -9999 -9999 -9999 -9999 -9999 -9999 -9999 -9999 -9999 -9999 -9999 -9999 -9999 -9999 -9999 -9999 -9999 -9999 -9999
1.48161 1.481492 1.481462 1.481869 1.490069 1.511877 1.530422 1.537642 1.54181 1.545822 1.549851 1.554223 1.55984 1.565868 1.570524 1.573322 1.579919 1.594732 1.615577 1.639507 1.664692 1.690683 1.717383 1.743916 1.770136 1.791476 1.798686 1.784543 1.742693 1.70425 1.685011 1.640581 1.587351 1.535859 1.487503 1.449594 1.41778 1.389974 1.365854 1.342456 1.322997 1.304162 1.280607 1.257041 1.236235 1.216813 1.19733 1.175423 1.146633 -9999 -9999 -9999 -9999 -9999 -9999 -9999 -9999 -9999 -9999 -9999 -9999 -9999 -9999 -9999 -9999 -9999 -9999 -9999 -9999 -9999
1.483195 1.483199 1.48317 1.4833 1.48991 1.510737 1.530606 1.53919 1.543692 1.547703 1.551717 1.555928 1.561261 1.567579 1.574364 1.580625 1.584596 1.588497 1.597741 1.615721 1.638555 1.663302 1.68806 1.71215 1.737087 1.762503 1.78519 1.793782 1.771232 1.731892 1.710609 1.680348 1.623081 1.568292 1.516867 1.472685 1.437484 1.406492 1.379223 1.355732 1.335331 1.315046 1.292839 1.270464 1.24783 1.225892 1.209133 1.189336 1.161043 -9999 -9999 -9999 -9999 -9999 -9999 -9999 -9999 -9999 -9999 -9999 -9999 -9999 -9999 -9999 -9999 -9999 -9999 -9999 -9999 -9999
1.484709 1.484733 1.484704 1.484616 1.4899 1.509669 1.530422 1.54036 1.545358 1.549395 1.553406 1.557508 1.562529 1.568676 1.575478 1.582307 1.588724 1.594103 1.598394 1.60543 1.618723 1.64055 1.665797 1.690283 1.714208 1.73762 1.761488 1.782878 1.782752 1.751173 1.726941 1.707733 1.658519 1.602132 1.550827 1.502599 1.459529 1.423306 1.392648 1.367816 1.345107 1.323418 1.300768 1.277237 1.255345 1.237167 1.221306 1.198385 1.170239 1.138128 -9999 -9999 -9999 -9999 -9999 -9999 -9999 -9999 -9999 -9999 -9999 -9999 -9999 -9999 -9999 -9999 -9999 -9999 -9999 -9999
1.486299 1.486313 1.486284 1.486327 1.491587 1.509933 1.53012 1.541158 1.546976 1.551138 1.555148 1.559152 1.563874 1.569824 1.576602 1.583431 1.590055 1.596712 1.603003 1.608561 1.613979 1.623862 1.641204 1.66516 1.691239 1.716422 1.740793 1.764079 1.780157 1.773815 1.749584 1.730832 1.695953 1.639758 1.584186 1.53207 1.483742 1.443018 1.409134 1.381327 1.357225 1.337664 1.31636 1.291786 1.268792 1.250847 1.233705 1.209513 1.179908 1.146747 -9999 -9999 -9999 -9999 -9999 -9999 -9999 -9999 -9999 -9999 -9999 -9999 -9999 -9999 -9999 -9999 -9999 -9999 -9999 -9999
1.488043 1.488045 1.488016 1.488755 1.496078 1.512386 1.529859 1.541672 1.548619 1.553039 1.557056 1.561011 1.56549 1.571143 1.577836 1.58466 1.591285 1.59797 1.60462 1.611263 1.617671 1.623537 1.630258 1.643025 1.662831 1.687517 1.714478 1.740993 1.764413 1.775838 1.761232 1.745647 1.728438 1.679679 1.616355 1.55696 1.508111 1.465954 1.426882 1.396741 1.373882 1.352944 1.331297 1.309468 1.2886 1.265882 1.243736 1.219022 1.187311 1.154745 1.121439 -9999 -9999 -9999 -9999 -9999 -9999 -9999 -9999 -9999 -9999 -9999 -9999 -9999 -9999 -9999 -9999 -9999 -9999 -9999
1.489776 1.489769 1.48974 1.491003 1.49975 1.514159 1.529378 1.541694 1.549805 1.554871 1.558955 1.562896 1.567184 1.572492 1.579065 1.585883 1.592507 1.599193 1.605844 1.612541 1.619197 1.625978 1.632462 1.638569 1.647238 1.661929 1.684258 1.710886 1.737958 1.761677 1.769595 1.765543 1.75539 1.717766 1.656245 1.595357 1.541948 1.49164 1.447122 1.411717 1.388577 1.366489 1.342924 1.322775 1.302338 1.276872 1.249765 1.224502 1.19405 1.161754 1.126706 -9999 -9999 -9999 -9999 -9999 -9999 -9999 -9999 -9999 -9999 -9999 -9999 -9999 -9999 -9999 -9999 -9999 -9999 -9999
1.491297 1.491303 1.491289 1.492912 1.502082 1.514864 1.528757 1.541413 1.550524 1.556421 1.560645 1.564578 1.568711 1.573714 1.580165 1.586973 1.593596 1.600282 1.606933 1.613631 1.620287 1.62709 1.633885 1.64037 1.646776 1.654038 1.666115 1.685298 1.709921 1.736604 1.760049 1.777299 1.7824 1.751235 1.692009 1.634036 1.57835 1.518759 1.465725 1.42457 1.397406 1.373016 1.350487 1.331704 1.311497 1.286748 1.259829 1.232834 1.199785 1.165502 1.130723 1.093832 -9999 -9999 -9999 -9999 -9999 -9999 -9999 -9999 -9999 -9999 -9999 -9999 -9999 -9999 -9999 -9999 -9999 -9999
1.492809 1.492859 1.492891 1.495026 1.504296 1.515255 1.528067 1.540993 1.550844 1.557747 1.562353 1.56629 1.570329 1.575067 1.581313 1.588079 1.594703 1.601388 1.608039 1.614737 1.621394 1.628197 1.634992 1.641604 1.648237 1.654742 1.662051 1.671744 1.687047 1.709034 1.735517 1.771934 1.80237 1.779131 1.723254 1.664046 1.60332 1.537868 1.480573 1.437993 1.406229 1.377784 1.355699 1.339133 1.32163 1.299023 1.273894 1.246418 1.212714 1.177713 1.141883 1.102386 -9999 -9999 -9999 -9999 -9999 -9999 -9999 -9999 -9999 -9999 -9999 -9999 -9999 -9999 -9999 -9999 -9999 -9999
1.494496 1.4946 1.494692 1.497454 1.506758 1.515617 1.527276 1.540389 1.550777 1.558933 1.564233 1.568208 1.572205 1.576691 1.582626 1.589315 1.595938 1.602623 1.609274 1.615972 1.622629 1.629432 1.636226 1.642839 1.649497 1.656112 1.662907 1.669845 1.677672 1.68843 1.707372 1.755489 1.813954 1.806254 1.756328 1.69416 1.630335 1.566192 1.506638 1.459379 1.423608 1.39597 1.376229 1.357963 1.336943 1.311759 1.285561 1.261195 1.230599 1.195745 1.158191 1.116721 -9999 -9999 -9999 -9999 -9999 -9999 -9999 -9999 -9999 -9999 -9999 -9999 -9999 -9999 -9999 -9999 -9999 -9999
1.496197 1.496338 1.496491 1.499881 1.509219 1.515978 1.526486 1.539749 1.550434 1.559602 1.565925 1.570124 1.574088 1.578328 1.583942 1.590549 1.597171 1.603856 1.610507 1.617206 1.623863 1.630665 1.637459 1.644072 1.65073 1.657344 1.664135 1.670933 1.677591 1.684426 1.694548 1.731306 1.788767 1.807846 1.783998 1.727027 1.662374 1.598842 1.536278 1.480574 1.438367 1.409668 1.38897 1.369575 1.34782 1.321226 1.29334 1.268398 1.240876 1.208366 1.17145 1.130022 1.087353 -9999 -9999 -9999 -9999 -9999 -9999 -9999 -9999 -9999 -9999 -9999 -9999 -9999 -9999 -9999 -9999 -9999
1.497729 1.497895 1.498103 1.502055 1.511423 1.516302 1.525778 1.53916 1.549946 1.55981 1.567283 1.571837 1.575786 1.579873 1.585204 1.591668 1.598276 1.604961 1.611612 1.61831 1.624968 1.63177 1.638563 1.645176 1.651834 1.658448 1.665239 1.672037 1.678699 1.685414 1.693371 1.71195 1.747413 1.787162 1.798114 1.760827 1.699566 1.630037 1.561649 1.502872 1.456328 1.423594 1.399077 1.377147 1.356494 1.333612 1.305485 1.276902 1.250726 1.222801 1.185871 1.146762 1.106516 -9999 -9999 -9999 -9999 -9999 -9999 -9999 -9999 -9999 -9999 -9999 -9999 -9999 -9999 -9999 -9999 -9999
1.4993 1.499492 1.499755 1.504284 1.513683 1.516635 1.525052 1.538555 1.5494 1.559699 1.568229 1.573501 1.577544 1.581567 1.586608 1.592832 1.599409 1.606093 1.612744 1.619443 1.626101 1.632903 1.639696 1.646309 1.652967 1.659581 1.666372 1.673171 1.679829 1.68645 1.694685 1.7159 1.750012 1.781016 1.806377 1.790052 1.734807 1.667365 1.594385 1.531189 1.480775 1.443925 1.411437 1.382703 1.359179 1.337322 1.308385 1.276655 1.250264 1.227332 1.19792 1.160925 1.122122 1.084202 -9999 -9999 -9999 -9999 -9999 -9999 -9999 -9999 -9999 -9999 -9999 -9999 -9999 -9999 -9999 -9999
1.501057 1.501277 1.501602 1.506777 1.516212 1.517007 1.52424 1.537877 1.548756 1.559252 1.568776 1.575222 1.57951 1.583474 1.588196 1.594141 1.600678 1.607363 1.614014 1.620712 1.627371 1.634172 1.640965 1.647579 1.654237 1.660851 1.667642 1.674441 1.68105 1.686213 1.690527 1.716699 1.763797 1.803776 1.820003 1.808024 1.761127 1.700035 1.636048 1.569965 1.508988 1.465481 1.433363 1.403289 1.376227 1.352153 1.325209 1.294052 1.263967 1.235722 1.207717 1.169853 1.128463 1.089966 -9999 -9999 -9999 -9999 -9999 -9999 -9999 -9999 -9999 -9999 -9999 -9999 -9999 -9999 -9999 -9999
1.50278 1.503028 1.503414 1.509223 1.518692 1.517372 1.523443 1.537213 1.548121 1.558718 1.568912 1.576557 1.581398 1.585362 1.589824 1.595475 1.601929 1.608607 1.615258 1.621957 1.628616 1.635417 1.64221 1.648823 1.655481 1.662095 1.668887 1.675687 1.682227 1.687148 1.69241 1.721176 1.770047 1.822789 1.862316 1.85118 1.797619 1.733019 1.667207 1.600384 1.536362 1.482224 1.441139 1.406312 1.376397 1.351671 1.328758 1.30303 1.273485 1.244257 1.220007 1.189884 1.152318 1.115003 1.079971 -9999 -9999 -9999 -9999 -9999 -9999 -9999 -9999 -9999 -9999 -9999 -9999 -9999 -9999 -9999
1.504294 1.504566 1.505006 1.51137 1.52087 1.517692 1.522744 1.53663 1.547564 1.558169 1.56859 1.577268 1.582976 1.587048 1.591385 1.596741 1.603037 1.609697 1.616348 1.623047 1.629706 1.636507 1.643299 1.649913 1.656571 1.663184 1.669976 1.676776 1.682622 1.684593 1.691387 1.725439 1.77507 1.82686 1.865111 1.860551 1.81787 1.758746 1.697209 1.634555 1.570885 1.511058 1.46045 1.418308 1.387752 1.365506 1.341331 1.316697 1.291561 1.264306 1.237066 1.205104 1.165243 1.12681 1.089995 -9999 -9999 -9999 -9999 -9999 -9999 -9999 -9999 -9999 -9999 -9999 -9999 -9999 -9999 -9999
1.505803 1.5061 1.506593 1.513513 1.52325 1.518586 1.522382 1.536077 1.547008 1.557617 1.568183 1.577658 1.584345 1.588725 1.592964 1.598019 1.604145 1.610786 1.617437 1.624136 1.630796 1.637596 1.644388 1.651002 1.65766 1.664273 1.671065 1.677866 1.682467 1.6789 1.687021 1.729258 1.780094 1.829593 1.857777 1.849205 1.830114 1.797945 1.740353 1.67538 1.6067 1.540032 1.483145 1.436369 1.401647 1.375773 1.351631 1.32783 1.299597 1.269717 1.243574 1.215726 1.185211 1.15449 1.119872 -9999 -9999 -9999 -9999 -9999 -9999 -9999 -9999 -9999 -9999 -9999 -9999 -9999 -9999 -9999
1.507505 1.507833 1.508388 1.515935 1.527058 1.522702 1.523792 1.535608 1.546379 1.556989 1.567587 1.577585 1.585537 1.590593 1.594773 1.599523 1.605426 1.61202 1.618669 1.625369 1.632029 1.638829 1.645621 1.652235 1.658893 1.665506 1.672298 1.678939 1.681974 1.677138 1.689135 1.734604 1.785661 1.828305 1.836985 1.81792 1.818259 1.821267 1.777795 1.712049 1.643041 1.573557 1.511621 1.459846 1.419977 1.387985 1.360291 1.336419 1.310512 1.281368 1.252453 1.225924 1.203981 1.178837 1.144836 1.109705 -9999 -9999 -9999 -9999 -9999 -9999 -9999 -9999 -9999 -9999 -9999 -9999 -9999 -9999
1.509133 1.509548 1.51019 1.518368 1.5316 1.528834 1.526365 1.535231 1.545749 1.556358 1.566962 1.577254 1.586279 1.592293 1.596636 1.601176 1.606781 1.613259 1.619904 1.626604 1.633264 1.640064 1.646855 1.65347 1.660128 1.666741 1.673534 1.679533 1.677172 1.670267 1.692009 1.740299 1.789809 1.819647 1.809176 1.779752 1.781636 1.820332 1.812878 1.750157 1.679486 1.60989 1.546492 1.49051 1.443946 1.405235 1.372563 1.345694 1.319305 1.287426 1.252124 1.221146 1.196646 1.173476 1.143208 1.112957 -9999 -9999 -9999 -9999 -9999 -9999 -9999 -9999 -9999 -9999 -9999 -9999 -9999 -9999
1.510441 1.511045 1.511886 1.520707 1.535781 1.534414 1.528603 1.534835 1.545182 1.555791 1.566396 1.57676 1.58646 1.593605 1.59832 1.602719 1.608024 1.614373 1.621011 1.627711 1.634372 1.641171 1.647962 1.654577 1.661234 1.667848 1.674612 1.679665 1.671681 1.663166 1.694437 1.745196 1.790567 1.80353 1.779279 1.75094 1.75926 1.811504 1.829285 1.778106 1.702848 1.630568 1.566843 1.511056 1.461796 1.414141 1.372875 1.345792 1.324966 1.29599 1.264085 1.234403 1.209193 1.186272 1.15911 1.130713 1.103286 -9999 -9999 -9999 -9999 -9999 -9999 -9999 -9999 -9999 -9999 -9999 -9999 -9999
1.511666 1.512499 1.513742 1.523383 1.539997 1.539765 1.530551 1.534347 1.544626 1.555235 1.565838 1.576229 1.586383 1.594576 1.599898 1.604253 1.609273 1.615476 1.6221 1.6288 1.635461 1.64226 1.649051 1.655666 1.662323 1.668936 1.675492 1.67806 1.666281 1.662036 1.698744 1.749266 1.785804 1.781345 1.750436 1.734938 1.755732 1.799755 1.832334 1.806945 1.736604 1.666126 1.59669 1.530858 1.475392 1.426466 1.386795 1.358132 1.332214 1.304926 1.276935 1.247806 1.222896 1.200836 1.175947 1.1465 1.117523 -9999 -9999 -9999 -9999 -9999 -9999 -9999 -9999 -9999 -9999 -9999 -9999 -9999
1.513039 1.51413 1.515904 1.526543 1.54477 1.54572 1.532649 1.533766 1.544003 1.554611 1.565214 1.57561 1.585952 1.595089 1.601505 1.606053 1.610801 1.616756 1.623322 1.630022 1.636684 1.643483 1.650273 1.656888 1.663546 1.670158 1.6762 1.673328 1.65549 1.661233 1.704282 1.75138 1.772606 1.751217 1.724456 1.729693 1.757643 1.7894 1.829858 1.831034 1.769692 1.701169 1.630974 1.55719 1.49516 1.445234 1.40429 1.371344 1.342648 1.314608 1.284041 1.257887 1.234801 1.214759 1.195604 1.170364 1.140873 1.107351 -9999 -9999 -9999 -9999 -9999 -9999 -9999 -9999 -9999 -9999 -9999 -9999
1.514421 1.515771 1.518078 1.529721 1.549483 1.551462 1.534615 1.533168 1.543376 1.553983 1.564586 1.574982 1.585409 1.595246 1.602847 1.607881 1.612425 1.618073 1.624551 1.631251 1.637913 1.644712 1.651502 1.658117 1.664775 1.67137 1.676032 1.666438 1.64485 1.661266 1.709547 1.748101 1.749347 1.720952 1.710385 1.73197 1.757263 1.784939 1.826876 1.843011 1.799438 1.733428 1.664609 1.592912 1.523929 1.460531 1.412899 1.383169 1.359702 1.333298 1.301401 1.271646 1.246496 1.227316 1.210417 1.190245 1.164916 1.130205 -9999 -9999 -9999 -9999 -9999 -9999 -9999 -9999 -9999 -9999 -9999 -9999
