frankpre.txt
ncols         267
nrows         420
xllcorner     201388.11327243
yllcorner     536839.08538242
cellsize      1.0003382342261
NODATA_value  -9999
[rows 310 to 340 of 420, columns 140 to 209 of 267]
5.448024 5.450166 5.455869 5.425162 5.291238 5.062051 4.776374 4.502354 4.347522 4.30072 4.290058 4.288844 4.290926 4.284249 4.269506 4.255043 4.246433 4.246325 4.25068 4.252565 4.250669 4.246739 4.244987 4.244814 4.243312 4.249294 4.293634 4.389419 4.533716 4.768911 5.127629 5.529807 5.905708 6.164533 6.250812 6.253896 6.250117 6.24644 6.242726 6.239006 6.235201 6.231519 6.231945 6.247582 6.280886 6.310189 6.326515 6.32997 6.319151 6.281523 6.14822 5.843316 5.515874 5.328605 5.2689 5.24383 5.22596 5.208682 5.193749 5.181434 5.161088 5.136199 5.116267 5.106638 5.066552 4.932576 4.707766 4.47076 4.253595 4.00123
5.43738 5.408062 5.397563 5.342768 5.166811 4.888306 4.585486 4.368128 4.291468 4.279043 4.276371 4.281676 4.288042 4.283801 4.272286 4.257222 4.24495 4.240635 4.241385 4.242132 4.243735 4.244618 4.242973 4.240827 4.240533 4.243847 4.254546 4.303021 4.505096 4.859562 5.269618 5.677364 6.018402 6.205884 6.245369 6.24227 6.238488 6.234774 6.230962 6.22708 6.223117 6.22016 6.226476 6.249131 6.278327 6.299118 6.317769 6.337461 6.33583 6.313565 6.201741 5.943997 5.695079 5.530935 5.430446 5.364476 5.312894 5.268039 5.243888 5.232463 5.208257 5.168375 5.146856 5.147075 5.122629 5.024189 4.82831 4.586263 4.309632 4.001603
5.445823 5.41715 5.378985 5.275248 5.030122 4.694768 4.422801 4.302702 4.274238 4.268009 4.268884 4.275484 4.28094 4.277652 4.267582 4.253403 4.240118 4.233416 4.231605 4.23313 4.236864 4.238304 4.235559 4.231915 4.232165 4.236671 4.245594 4.300298 4.554836 4.971642 5.404971 5.809902 6.103735 6.221895 6.235354 6.231551 6.227669 6.223794 6.219812 6.215812 6.21201 6.211668 6.226587 6.25507 6.275498 6.281168 6.298213 6.338289 6.357523 6.337073 6.234973 6.012705 5.799932 5.665874 5.575188 5.495818 5.414039 5.337263 5.301939 5.309174 5.301808 5.24157 5.208126 5.232511 5.23149 5.107685 4.821573 4.50972 4.25594 3.98029
5.410117 5.396426 5.342104 5.191042 4.90113 4.557989 4.333257 4.26725 4.257811 4.257454 4.261697 4.266091 4.265869 4.259665 4.249079 4.236555 4.226082 4.221087 4.222892 4.231009 4.233165 4.230796 4.230884 4.22974 4.227325 4.229435 4.239854 4.317131 4.616293 5.069729 5.531654 5.929197 6.159296 6.223214 6.223865 6.219877 6.215812 6.211817 6.207778 6.20378 6.200876 6.206224 6.231628 6.260159 6.26925 6.270284 6.29218 6.325558 6.335689 6.321875 6.273833 6.137863 5.951343 5.814591 5.704785 5.603262 5.508358 5.419919 5.375612 5.391399 5.393703 5.306564 5.208372 5.136516 5.066303 4.93691 4.673097 4.383872 4.144292 3.849025
5.370877 5.362564 5.297847 5.125415 4.826428 4.498702 4.304161 4.252443 4.248255 4.249163 4.250948 4.252493 4.247821 4.237836 4.225406 4.212563 4.207993 4.211057 4.21358 4.219496 4.222314 4.22111 4.22298 4.222703 4.218694 4.221525 4.244296 4.373037 4.716991 5.172891 5.645835 6.028496 6.189932 6.214316 6.211225 6.207108 6.202991 6.198984 6.194944 6.191154 6.192077 6.209022 6.240147 6.259753 6.257707 6.24453 6.253072 6.27984 6.285961 6.281476 6.266075 6.198734 6.067613 5.934552 5.806367 5.690235 5.595533 5.513676 5.452458 5.424431 5.401181 5.316402 5.175822 4.997979 4.810423 4.629432 4.451705 4.31588 4.149889 3.88396
5.338779 5.320993 5.242662 5.06801 4.772583 4.441925 4.260694 4.227411 4.232664 4.235746 4.232157 4.231483 4.225191 4.21169 4.198557 4.192756 4.194938 4.200633 4.202329 4.206144 4.211493 4.21435 4.21765 4.219322 4.218079 4.219644 4.261384 4.460758 4.832073 5.262115 5.725926 6.097612 6.21881 6.210927 6.199243 6.194184 6.189987 6.185981 6.181949 6.179432 6.188857 6.217426 6.244779 6.253784 6.24353 6.21921 6.228621 6.285788 6.321606 6.317363 6.300766 6.265623 6.178575 6.053621 5.926949 5.791523 5.658319 5.564642 5.486719 5.418905 5.356259 5.264756 5.134633 4.960131 4.738827 4.50843 4.354739 4.303018 4.249229 4.092887
5.314893 5.289267 5.204545 5.032403 4.7417 4.418843 4.23994 4.206642 4.218071 4.225305 4.223315 4.217118 4.203786 4.188856 4.179788 4.180594 4.187209 4.1941 4.195994 4.197686 4.200778 4.204596 4.210495 4.211782 4.206639 4.216619 4.300859 4.574827 4.964532 5.331468 5.747129 6.130947 6.270317 6.240772 6.200309 6.185606 6.178724 6.174373 6.170546 6.172264 6.193746 6.226174 6.244266 6.250478 6.243762 6.227005 6.255986 6.328956 6.373409 6.369674 6.36074 6.344897 6.277637 6.155963 6.006895 5.852229 5.709717 5.604368 5.520854 5.428184 5.309761 5.181855 5.049586 4.897032 4.720523 4.537326 4.385098 4.315031 4.294211 4.204393
5.289161 5.261996 5.18974 5.030882 4.747067 4.427693 4.237198 4.193984 4.206636 4.217068 4.216435 4.202512 4.183574 4.172337 4.17267 4.176531 4.180779 4.186329 4.188287 4.18994 4.192453 4.196684 4.200605 4.20286 4.206196 4.272819 4.471206 4.793579 5.167171 5.501548 5.870417 6.205558 6.338792 6.313716 6.245022 6.198619 6.174261 6.164433 6.160351 6.172013 6.204995 6.233695 6.248975 6.263672 6.272489 6.273296 6.308693 6.363887 6.388392 6.387921 6.3997 6.405699 6.34604 6.211799 6.046367 5.898626 5.763528 5.640237 5.555418 5.451008 5.294292 5.144891 5.012618 4.87686 4.73379 4.586998 4.447523 4.349416 4.307852 4.242841
5.263083 5.236604 5.179855 5.054073 4.804153 4.485044 4.256311 4.186267 4.193072 4.204769 4.201373 4.183384 4.166745 4.161713 4.168252 4.177188 4.179159 4.178763 4.180251 4.184411 4.193157 4.203132 4.202904 4.196056 4.256554 4.575298 5.059928 5.381514 5.630096 5.874479 6.065177 6.216681 6.327583 6.351377 6.29334 6.228445 6.186171 6.166547 6.158065 6.180799 6.229824 6.264985 6.288306 6.298064 6.300687 6.3103 6.338668 6.373674 6.380112 6.390011 6.408906 6.406207 6.350289 6.239809 6.094407 5.961131 5.844609 5.698591 5.576841 5.458987 5.321007 5.186706 5.05757 4.931059 4.799167 4.660144 4.516442 4.381401 4.296072 4.189463
5.257657 5.239594 5.199732 5.105946 4.890629 4.574129 4.292139 4.176358 4.170382 4.176447 4.171335 4.160223 4.155479 4.154834 4.159174 4.166672 4.169757 4.173656 4.180786 4.185543 4.195236 4.203011 4.199188 4.208591 4.377411 4.884833 5.372674 5.656307 5.882337 6.090128 6.191275 6.215689 6.268745 6.293035 6.250582 6.20417 6.183341 6.184413 6.195699 6.229332 6.283908 6.319118 6.330904 6.325083 6.315651 6.318282 6.334625 6.354402 6.357182 6.366069 6.374618 6.36739 6.334029 6.269048 6.163969 6.029542 5.892849 5.748586 5.627131 5.512659 5.38936 5.254883 5.11885 4.992654 4.864354 4.72643 4.56264 4.385145 4.220397 4.04117
5.259579 5.256158 5.232596 5.151884 4.949913 4.647356 4.343927 4.179989 4.151143 4.149117 4.146017 4.143431 4.145977 4.150534 4.15356 4.157737 4.165687 4.17707 4.18902 4.192949 4.196125 4.198494 4.213411 4.300069 4.557338 5.076722 5.540553 5.788333 5.98096 6.160864 6.259556 6.266 6.258579 6.244979 6.208042 6.187557 6.206955 6.235916 6.266157 6.299944 6.333579 6.357099 6.359362 6.345623 6.327969 6.321139 6.331547 6.344255 6.354368 6.371668 6.383027 6.37487 6.340696 6.290303 6.210638 6.083802 5.941977 5.808292 5.701544 5.59171 5.461406 5.313595 5.160601 5.022604 4.880487 4.720493 4.533087 4.339341 4.173106 4.055938
5.254066 5.251982 5.234094 5.156828 4.975094 4.727516 4.438223 4.212827 4.13758 4.12737 4.129497 4.134795 4.140066 4.145367 4.149459 4.155057 4.16755 4.189719 4.207406 4.201717 4.199725 4.233089 4.353681 4.596162 4.926191 5.340198 5.700618 5.891734 6.049049 6.182296 6.264553 6.29337 6.288676 6.275393 6.259811 6.261064 6.28237 6.304627 6.326413 6.349414 6.370351 6.385477 6.382491 6.362577 6.336393 6.323088 6.3321 6.348169 6.367382 6.388177 6.402027 6.397568 6.364474 6.317659 6.245196 6.131813 5.999856 5.874228 5.764016 5.649016 5.523385 5.371431 5.195389 5.026927 4.857958 4.686294 4.527796 4.391234 4.278693 4.214289
5.227337 5.214789 5.187529 5.104017 4.952151 4.786032 4.534486 4.256958 4.13523 4.122695 4.127023 4.135087 4.140332 4.143109 4.147716 4.159681 4.181149 4.210875 4.235311 4.234338 4.267844 4.4006 4.673876 5.027355 5.352361 5.619709 5.82605 5.957643 6.074419 6.171353 6.23218 6.272099 6.295555 6.300692 6.296612 6.290811 6.301739 6.33461 6.36138 6.379436 6.390461 6.390132 6.379298 6.364246 6.349056 6.342401 6.35005 6.363239 6.373969 6.383038 6.394251 6.404034 6.388292 6.350499 6.290057 6.192303 6.066978 5.941885 5.82375 5.699765 5.56335 5.395583 5.204847 5.030012 4.879037 4.752178 4.645419 4.538403 4.415936 4.304123
5.19399 5.162851 5.1178 5.040925 4.938745 4.825712 4.580215 4.277872 4.13267 4.119447 4.127168 4.134331 4.138578 4.142719 4.152124 4.175237 4.199524 4.227927 4.293823 4.375358 4.467934 4.635092 4.931232 5.304625 5.604541 5.796543 5.944787 6.048392 6.121902 6.173913 6.205858 6.227803 6.24721 6.259006 6.265378 6.271044 6.288538 6.335728 6.371498 6.386154 6.388629 6.382379 6.372485 6.369299 6.371605 6.365525 6.352159 6.350804 6.35696 6.36065 6.373038 6.396801 6.402303 6.378861 6.334055 6.257681 6.13992 6.00934 5.874187 5.725115 5.567549 5.40583 5.248355 5.112793 4.994306 4.879783 4.753614 4.619376 4.471605 4.313323
5.152439 5.0944 5.031615 4.97002 4.900818 4.774278 4.50928 4.238021 4.124184 4.116352 4.122077 4.126828 4.134638 4.142429 4.155408 4.192944 4.257409 4.356327 4.499634 4.625079 4.714205 4.848593 5.096378 5.441052 5.73856 5.917806 6.044773 6.122042 6.168219 6.194924 6.209626 6.219195 6.228024 6.237927 6.244712 6.24854 6.265576 6.313241 6.3557 6.379109 6.387787 6.386526 6.378868 6.374193 6.364843 6.339725 6.317121 6.322302 6.341233 6.349631 6.355112 6.380442 6.411815 6.41414 6.3822 6.316425 6.196589 6.044567 5.889071 5.747505 5.62816 5.509286 5.372683 5.234427 5.10909 4.977437 4.823699 4.672447 4.514261 4.340668
5.092946 5.003953 4.91833 4.859829 4.788943 4.618567 4.360226 4.176108 4.120329 4.119593 4.123775 4.128548 4.139005 4.158763 4.201876 4.298825 4.459457 4.639507 4.807934 4.932277 5.020207 5.12889 5.312527 5.587694 5.844729 6.007253 6.115628 6.169587 6.191497 6.200338 6.206702 6.210014 6.213217 6.222222 6.229486 6.231421 6.251479 6.304063 6.354646 6.38461 6.392657 6.385271 6.374688 6.364029 6.332696 6.292234 6.274434 6.291644 6.325936 6.349431 6.360925 6.382268 6.419054 6.437308 6.410946 6.345005 6.232618 6.085143 5.948959 5.840615 5.739573 5.619745 5.478644 5.334684 5.197157 5.047192 4.881109 4.723791 4.560914 4.378968
4.989962 4.872431 4.76508 4.679181 4.563592 4.381541 4.211544 4.133402 4.127621 4.135407 4.137284 4.143369 4.176504 4.265072 4.412127 4.596449 4.787404 4.957553 5.108089 5.216495 5.297293 5.382511 5.49224 5.660284 5.853416 6.016161 6.128955 6.1811 6.197207 6.200421 6.200876 6.197628 6.190825 6.194048 6.208961 6.23731 6.28334 6.339817 6.371634 6.379035 6.373663 6.349966 6.336358 6.328714 6.303941 6.270713 6.24864 6.25809 6.298899 6.344179 6.376957 6.39529 6.410157 6.421887 6.41229 6.37832 6.305786 6.192283 6.065039 5.943906 5.824737 5.697133 5.560425 5.4234 5.280442 5.125361 4.956355 4.790179 4.620039 4.426911
4.80997 4.683834 4.552467 4.41635 4.274032 4.17151 4.131567 4.123961 4.132124 4.142687 4.163386 4.230721 4.358637 4.535718 4.734835 4.919989 5.078628 5.219141 5.330391 5.400027 5.44337 5.485079 5.544194 5.647828 5.796915 5.954443 6.079592 6.149872 6.175052 6.179788 6.174675 6.160694 6.143099 6.140758 6.167201 6.21379 6.257427 6.278729 6.267677 6.269626 6.287457 6.282649 6.272308 6.272232 6.267223 6.25258 6.22931 6.223357 6.253621 6.307682 6.362497 6.405127 6.428528 6.445027 6.462401 6.455571 6.392373 6.279382 6.145325 6.012918 5.887823 5.761155 5.629474 5.495926 5.35633 5.212352 5.041014 4.861462 4.678832 4.476263
4.611875 4.467618 4.325527 4.213501 4.144388 4.123177 4.129369 4.134349 4.143065 4.185138 4.285026 4.440564 4.625561 4.818956 4.993463 5.134764 5.251316 5.345659 5.409955 5.442783 5.458774 5.481946 5.519324 5.592709 5.718392 5.875998 6.014139 6.090209 6.109809 6.11094 6.100327 6.07166 6.034904 6.015962 5.998602 5.955018 5.995017 6.021533 5.940785 5.950974 6.106404 6.210243 6.212254 6.211123 6.215383 6.223604 6.213651 6.199281 6.213187 6.261534 6.320845 6.387896 6.453913 6.491999 6.508369 6.502775 6.445412 6.336606 6.202474 6.066742 5.936837 5.807934 5.678328 5.542713 5.397262 5.25721 5.100262 4.923552 4.737992 4.550971
4.382203 4.253327 4.168612 4.13551 4.125251 4.123934 4.137417 4.167364 4.237104 4.363897 4.53208 4.715485 4.89395 5.052069 5.178728 5.268868 5.334085 5.386385 5.426063 5.430002 5.426312 5.45475 5.488477 5.545514 5.645592 5.78241 5.916129 5.984316 5.99626 5.995314 5.970495 5.92072 5.839884 5.699714 5.489442 5.350963 5.460205 5.537326 5.506166 5.649055 5.941164 6.132515 6.152455 6.146997 6.154656 6.179368 6.193017 6.178037 6.178957 6.216053 6.27482 6.356146 6.447882 6.50038 6.522543 6.525836 6.48385 6.39204 6.25929 6.115902 5.978963 5.844593 5.710315 5.570977 5.427314 5.295076 5.146283 4.984013 4.837715 4.703202
4.160201 4.13195 4.127925 4.13167 4.138607 4.162684 4.240604 4.383449 4.551725 4.713302 4.877846 5.047263 5.177526 5.258387 5.311764 5.343231 5.365034 5.384357 5.414102 5.437156 5.434146 5.434816 5.445476 5.485006 5.556746 5.652731 5.752989 5.811051 5.819943 5.791467 5.737092 5.468853 4.978441 4.82948 4.783926 4.693113 4.829039 4.93964 5.084624 5.390891 5.777975 6.040349 6.08674 6.077474 6.080751 6.104848 6.144654 6.153483 6.146757 6.168135 6.231163 6.330756 6.425422 6.487916 6.526861 6.540579 6.520465 6.451043 6.333027 6.184866 6.034954 5.89592 5.762559 5.62703 5.488836 5.357289 5.228178 5.120732 5.036747 4.942484
4.099124 4.108063 4.126384 4.170477 4.255893 4.377481 4.533786 4.712487 4.880976 5.022035 5.142144 5.243988 5.307417 5.341368 5.364564 5.378877 5.389263 5.393046 5.401699 5.410954 5.409436 5.397627 5.394035 5.421914 5.468095 5.50921 5.514827 5.479789 5.432241 5.222177 5.06766 4.848427 4.392976 4.188389 4.17051 4.19476 4.31959 4.523809 4.808577 5.178167 5.612694 5.924323 6.013659 6.012426 6.006903 6.024591 6.076416 6.116661 6.120003 6.130041 6.191378 6.303643 6.409131 6.489765 6.540807 6.557985 6.540436 6.482627 6.380736 6.237505 6.088789 5.952799 5.827993 5.713041 5.607911 5.518541 5.415683 5.312259 5.208818 5.094015
4.104188 4.135389 4.20673 4.335697 4.512937 4.694232 4.844912 4.973625 5.086243 5.185073 5.261367 5.318035 5.339309 5.352038 5.370985 5.385779 5.397378 5.3916 5.371374 5.366404 5.362986 5.323205 5.268619 5.260906 5.235526 5.132028 4.945536 4.697035 4.545856 4.337396 4.240782 4.2026 4.071039 3.996284 3.988575 3.99988 4.067238 4.298819 4.60948 4.990316 5.461068 5.812501 5.946209 5.958649 5.948874 5.95915 6.004139 6.06602 6.093565 6.107442 6.176482 6.300091 6.426316 6.526662 6.571915 6.575142 6.557065 6.505025 6.414229 6.288379 6.156455 6.050504 5.976726 5.917487 5.841375 5.732051 5.575768 5.432029 5.317308 5.191751
4.156725 4.254681 4.407132 4.599482 4.803164 4.967963 5.065714 5.125177 5.179267 5.237806 5.284416 5.318217 5.334505 5.346768 5.361722 5.367512 5.354996 5.324239 5.291226 5.294629 5.294705 5.156977 4.93433 4.803516 4.68821 4.513724 4.317169 4.122422 4.023971 3.980232 3.967368 3.959611 3.954949 3.953694 3.957388 3.968645 4.005935 4.151331 4.413323 4.813229 5.310757 5.689608 5.863448 5.90247 5.892863 5.893566 5.92868 5.999812 6.05846 6.103481 6.201581 6.331246 6.449217 6.539842 6.575548 6.576753 6.557476 6.511767 6.432271 6.339914 6.275403 6.247474 6.210219 6.12642 6.005115 5.873043 5.718801 5.564917 5.431687 5.299367
4.369033 4.540265 4.722786 4.901747 5.063039 5.179439 5.221073 5.22124 5.232612 5.260181 5.287931 5.309522 5.32258 5.328002 5.326833 5.29608 5.226564 5.172921 5.135457 5.084153 4.998082 4.771222 4.465826 4.255945 4.138233 4.067665 4.022393 3.986517 3.963554 3.949037 3.950219 3.95693 3.961015 3.962672 3.964907 3.970061 3.983399 4.042332 4.229535 4.63336 5.144622 5.541863 5.75726 5.836533 5.831479 5.823898 5.850032 5.923878 6.00799 6.102621 6.223203 6.342978 6.442854 6.519296 6.559886 6.566255 6.546858 6.504717 6.441868 6.408538 6.437147 6.453893 6.383023 6.244368 6.094126 5.976621 5.853701 5.703078 5.555346 5.415213
4.639052 4.829853 4.99203 5.118732 5.222998 5.277337 5.28169 5.262409 5.252332 5.266566 5.283907 5.296491 5.309396 5.318024 5.282304 5.168742 5.028023 4.93784 4.847008 4.686742 4.473309 4.2625 4.095527 4.005991 3.969646 3.94891 3.935658 3.929539 3.926093 3.933206 3.951538 3.963199 3.965279 3.96694 3.970728 3.973312 3.980753 4.009265 4.154768 4.53017 5.017407 5.408176 5.641058 5.753904 5.765834 5.766436 5.807192 5.889539 5.98331 6.098611 6.216931 6.319626 6.409026 6.480674 6.527837 6.541857 6.529624 6.504087 6.474852 6.471208 6.513107 6.538478 6.476498 6.353557 6.214428 6.084917 5.962865 5.823095 5.674652 5.520785
4.816967 4.985539 5.112385 5.201665 5.269624 5.297693 5.294849 5.269393 5.254776 5.262184 5.273233 5.262659 5.241529 5.241957 5.177502 4.968235 4.727929 4.578678 4.454482 4.29676 4.139693 4.02372 3.962534 3.939569 3.934355 3.922747 3.909417 3.900953 3.897998 3.913534 3.943535 3.96254 3.967534 3.969896 3.974418 3.975204 3.978151 4.003312 4.16889 4.57922 5.059224 5.397521 5.570382 5.674772 5.718691 5.755072 5.809865 5.887409 5.98691 6.103201 6.212926 6.29824 6.368865 6.430236 6.478258 6.507252 6.514682 6.512293 6.511029 6.517618 6.549117 6.588922 6.570654 6.468243 6.32449 6.180072 6.048529 5.911402 5.767217 5.614036
4.884008 5.023462 5.129586 5.202024 5.254137 5.28532 5.281507 5.263658 5.255412 5.252041 5.255172 5.171957 5.027308 4.952114 4.881687 4.651851 4.375532 4.229307 4.12671 4.031538 3.973617 3.931321 3.918505 3.915703 3.911266 3.904049 3.89409 3.888046 3.885993 3.899047 3.930809 3.954715 3.962458 3.966391 3.972528 3.974184 3.975328 4.01217 4.255076 4.799538 5.311261 5.553963 5.61656 5.66425 5.711685 5.764387 5.829463 5.905107 5.984147 6.080359 6.18287 6.255086 6.307028 6.359825 6.414428 6.460998 6.490256 6.508595 6.528953 6.550961 6.580113 6.621879 6.632257 6.559177 6.425762 6.279733 6.13824 5.99826 5.859609 5.71992
4.861389 4.986261 5.090914 5.168288 5.226228 5.257671 5.249627 5.24348 5.244664 5.23278 5.183645 5.017348 4.789399 4.574596 4.393309 4.213929 4.07413 4.022537 3.988429 3.953189 3.931163 3.91058 3.901216 3.896641 3.889171 3.882487 3.876964 3.874818 3.876079 3.887324 3.915495 3.942 3.953165 3.959884 3.972943 3.998123 4.027471 4.127309 4.519457 5.166403 5.578641 5.664992 5.653888 5.671525 5.712293 5.772289 5.858052 5.924991 5.959143 6.020273 6.100972 6.172616 6.22961 6.285461 6.35053 6.411623 6.460969 6.504586 6.548262 6.586864 6.620032 6.652396 6.674511 6.63949 6.527249 6.389278 6.249567 6.108856 5.96935 5.829886
4.776889 4.91273 5.030252 5.110398 5.169723 5.212871 5.226454 5.216531 5.190328 5.128477 5.009285 4.821836 4.606138 4.375198 4.149753 4.012555 3.973522 3.963078 3.946416 3.924339 3.905091 3.892488 3.883763 3.875846 3.870646 3.868833 3.866678 3.868614 3.875115 3.887624 3.908978 3.93131 3.945445 3.961767 3.997653 4.068336 4.128486 4.260968 4.685983 5.291713 5.592422 5.623717 5.635525 5.670661 5.701048 5.738283 5.801521 5.854174 5.891948 5.955624 6.030882 6.105377 6.173484 6.236238 6.311477 6.389882 6.453915 6.512468 6.569921 6.619209 6.65579 6.680645 6.701327 6.697934 6.628941 6.512936 6.380594 6.23024 6.076191 5.917765
4.719218 4.839412 4.936002 5.004975 5.067153 5.126898 5.168282 5.151539 5.058269 4.936382 4.795959 4.628101 4.470916 4.333181 4.15101 3.996731 3.956956 3.943028 3.91996 3.898198 3.884989 3.878721 3.87283 3.864406 3.859637 3.86099 3.864748 3.87153 3.87902 3.8918 3.911247 3.93285 3.952847 3.976657 4.022815 4.112574 4.196743 4.361694 4.761822 5.275758 5.536706 5.58665 5.6222 5.63113 5.63284 5.65538 5.710871 5.775613 5.834347 5.902011 5.97761 6.057459 6.138522 6.213295 6.291186 6.371983 6.446054 6.517474 6.583963 6.643054 6.692235 6.720857 6.736204 6.745973 6.718971 6.619304 6.478195 6.315885 6.137 5.952052
