frankpost.txt
ncols         267
nrows         420
xllcorner     201388.11327243
yllcorner     536839.08538242
cellsize      1.0003382342261
NODATA_value  -9999
[rows 341 to 371 of 420, columns 138 to 206 of 267]
4.38038 4.499377 4.633702 4.780548 4.948399 5.064481 5.139718 5.203872 5.27065 5.337337 5.274724 5.234982 4.971662 4.41238 4.171593 4.129053 4.131163 4.110191 3.957708 3.965914 3.964855 3.934376 3.913943 3.949326 3.935397 3.902119 3.924203 3.916876 3.928375 3.924567 3.926615 3.943009 3.948546 3.989439 3.945671 4.024837 4.050969 4.135802 4.244012 4.306263 4.441615 5.064831 5.45509 5.52407 5.575769 5.573667 5.596455 5.626065 5.633782 5.683108 5.773785 5.861546 5.917396 6.002683 6.089349 6.173565 6.230697 6.332592 6.412348 6.458511 6.569202 6.495981 5.720374 4.999662 4.38798 3.783462 3.16481 2.539716 2.264067
4.47201 4.566978 4.669735 4.788293 4.932966 5.076609 5.124635 5.165748 5.2162 5.256622 5.214609 5.202121 5.120292 4.647907 4.164492 4.138453 4.120302 4.069025 3.958104 3.939091 3.927533 3.925475 3.9133 3.917565 3.925316 3.921694 3.914735 3.897923 3.928853 3.929109 3.92898 3.951622 3.957748 3.996168 4.032295 4.072231 4.092647 4.226789 4.400151 4.588756 4.806519 5.151431 5.460909 5.499325 5.530424 5.516684 5.51961 5.593103 5.620506 5.657541 5.705152 5.803695 5.883364 5.959436 6.044967 6.135501 6.229186 6.326351 6.410595 6.493551 6.584851 6.673651 6.217762 5.498366 4.852843 4.210233 3.549269 2.853941 2.38663
4.534209 4.602946 4.675719 4.755588 4.83167 4.969342 5.02387 5.087003 5.178276 5.223392 5.146596 4.991463 4.800338 4.542573 4.218751 4.114609 4.087722 4.053666 3.993857 3.920937 3.906554 3.913673 3.914909 3.915385 3.919597 3.925698 3.913309 3.895555 3.942146 3.96001 3.976882 3.959306 3.991684 4.053148 4.119112 4.187126 4.265189 4.42742 4.597949 4.785687 4.981534 5.21098 5.493411 5.473908 5.469668 5.52914 5.555176 5.553881 5.610579 5.611562 5.711955 5.77099 5.835011 5.922729 5.999836 6.102277 6.187638 6.346237 6.421607 6.507913 6.618211 6.679607 6.600947 5.973157 5.325283 4.662842 3.989831 3.307225 2.745885
4.57399 4.6186 4.665888 4.711841 4.730325 4.797945 4.893035 5.001412 5.147716 5.17952 4.982829 4.785423 4.580344 4.352862 4.105435 4.053612 4.042648 4.031821 4.029544 3.917814 3.892265 3.891913 3.89953 3.919885 3.918537 3.923444 3.936166 3.933021 3.952507 3.966107 3.923078 3.976087 4.09554 4.184282 4.281253 4.388207 4.508072 4.649095 4.799475 4.962852 5.127935 5.280327 5.384297 5.408158 5.446679 5.492141 5.530541 5.499655 5.566854 5.58213 5.714685 5.74715 5.816384 5.882943 5.966988 6.076729 6.172377 6.28383 6.398853 6.529161 6.637026 6.696996 6.779202 6.46859 5.796011 5.12218 4.455107 3.808 3.239299
4.596737 4.612024 4.636403 4.654991 4.652124 4.681887 4.742066 4.825961 4.931134 4.944836 4.778068 4.585617 4.385928 4.188588 4.014516 3.970762 3.978181 3.983813 3.981808 3.903057 3.881311 3.90024 3.901492 3.943291 3.939583 3.961563 3.966961 3.971367 3.9856 3.983868 4.094733 4.149872 4.232636 4.322503 4.430405 4.55342 4.695524 4.856728 5.004773 5.143648 5.273335 5.377876 5.441521 5.424389 5.459051 5.47137 5.489551 5.466125 5.561976 5.61019 5.679777 5.728652 5.807521 5.878188 5.960878 6.049941 6.170017 6.233812 6.401126 6.53588 6.648543 6.714728 6.801911 6.854621 6.244556 5.577277 4.924401 4.289477 3.706297
4.516617 4.533952 4.569397 4.596122 4.533637 4.530272 4.559346 4.614624 4.66906 4.664088 4.54745 4.377918 4.20041 4.035691 3.907666 3.886763 3.909497 3.927335 3.932841 3.884469 3.893366 3.913368 3.909743 3.948858 3.976239 3.997806 4.025148 4.017904 4.036589 4.116844 4.220135 4.293667 4.353789 4.440722 4.550733 4.683427 4.841453 5.031545 5.215449 5.331649 5.416587 5.485536 5.539297 5.501339 5.453441 5.453058 5.483629 5.49958 5.548791 5.602411 5.660323 5.701826 5.758353 5.839607 5.898483 6.071838 6.145839 6.244926 6.365004 6.492757 6.66879 6.748226 6.858956 6.874393 6.595093 5.988817 5.359914 4.735234 4.091021
4.399339 4.412174 4.43411 4.436862 4.381611 4.359391 4.360826 4.383957 4.41041 4.397927 4.308167 4.165148 4.007627 3.876971 3.798747 3.806588 3.846474 3.888294 3.901858 3.900895 3.918206 3.9454 3.937436 3.978061 4.034468 4.094627 4.160863 4.187883 4.225815 4.281082 4.341562 4.3998 4.464418 4.542265 4.644094 4.778215 4.942148 5.150044 5.425162 5.477798 5.51061 5.545034 5.582476 5.528727 5.4352 5.439955 5.450076 5.474339 5.523487 5.539582 5.629762 5.675156 5.740426 5.815198 5.888291 6.020508 6.124087 6.237571 6.364529 6.467034 6.645842 6.749238 6.847769 6.94436 6.944215 6.289387 5.687716 5.121366 4.561918
4.269116 4.274505 4.28091 4.269705 4.221212 4.184209 4.159156 4.148603 4.158304 4.141459 4.065532 3.944724 3.806313 3.708331 3.74286 3.745237 3.848006 3.925731 3.941633 3.94275 3.966482 3.982663 4.0285 4.086484 4.145947 4.209267 4.27625 4.32718 4.37355 4.41939 4.46685 4.513423 4.571163 4.63922 4.722138 4.840548 4.994958 5.188899 5.39782 5.474747 5.518847 5.560097 5.604659 5.583633 5.482842 5.421884 5.432493 5.438973 5.485977 5.508082 5.580588 5.672346 5.736814 5.802667 5.897401 5.977242 6.126711 6.237464 6.340799 6.484213 6.615622 6.740254 6.885945 6.983756 6.895988 6.301314 5.762944 5.259365 4.720099
4.137435 4.132837 4.124832 4.10887 4.072154 4.021807 3.966599 3.91209 3.913774 3.897792 3.837752 3.73539 3.608839 3.758655 3.918785 3.912246 3.932362 3.948847 3.947743 3.976092 4.032225 4.083019 4.138431 4.196077 4.257476 4.323071 4.390272 4.44851 4.503049 4.551841 4.594462 4.634727 4.67906 4.733634 4.794062 4.878789 5.01031 5.175132 5.342496 5.44109 5.504776 5.55647 5.581665 5.528261 5.436975 5.440916 5.445413 5.439205 5.460466 5.521643 5.564878 5.620091 5.746548 5.778996 5.848356 5.915427 6.049753 6.204966 6.31252 6.44715 6.605481 6.736675 6.897685 6.988362 6.747772 6.273084 5.802642 5.317484 4.809155
4.015626 3.996185 3.958853 3.951777 3.945876 3.907167 3.831021 3.702887 3.70874 3.736691 3.715378 3.704721 3.758356 3.903227 3.93568 3.93993 3.94 3.954752 4.013525 4.072451 4.130495 4.187305 4.244967 4.303941 4.366726 4.434409 4.504285 4.56722 4.626133 4.679212 4.722749 4.761058 4.797315 4.834921 4.868408 4.901688 4.961179 5.125738 5.303922 5.401551 5.484685 5.55144 5.518619 5.469012 5.431969 5.419629 5.436343 5.450771 5.459456 5.494454 5.545421 5.6211 5.684972 5.754358 5.820884 5.915668 6.042574 6.186366 6.292663 6.430489 6.62755 6.744802 6.800951 6.729127 6.48145 6.173203 5.82878 5.441787 5.00878
3.94765 3.887072 3.813193 3.81467 3.861931 3.85483 3.825586 3.839968 3.883169 3.851327 3.805717 3.781563 3.850131 3.89854 3.925817 3.94 3.962973 4.037918 4.105612 4.16976 4.230646 4.289998 4.349505 4.409988 4.473786 4.542689 4.616585 4.684321 4.746881 4.804171 4.850222 4.887807 4.927979 4.969372 4.997717 5.008924 5.035848 5.170814 5.253945 5.344872 5.44337 5.467631 5.45842 5.436953 5.397809 5.402481 5.430841 5.448986 5.455462 5.509999 5.587368 5.616158 5.662604 5.725372 5.77275 5.923368 6.033144 6.147215 6.252158 6.341014 6.463044 6.518668 6.506932 6.416648 6.252325 6.044809 5.800479 5.513662 5.174463
3.843572 3.84356 3.862965 3.846789 3.877579 3.878732 3.896241 3.869607 3.869562 3.882277 3.892014 3.915647 3.916111 3.912383 3.967052 4.009624 4.064393 4.130054 4.19733 4.265194 4.330214 4.392598 4.453072 4.514446 4.578713 4.647902 4.724659 4.800344 4.867896 4.928261 4.974423 5.009764 5.056877 5.123474 5.203053 5.212176 5.212053 5.242908 5.242838 5.263535 5.303654 5.332146 5.375869 5.411432 5.431139 5.43683 5.437657 5.484668 5.502731 5.51716 5.583725 5.564167 5.663509 5.708185 5.80271 5.867964 5.891807 5.930363 6.010682 6.113892 6.209051 6.259085 6.246667 6.18369 6.072104 5.926175 5.750549 5.542223 5.291513
3.761026 3.767213 3.81163 3.837326 3.82959 3.847193 3.863789 3.889635 3.935498 3.957272 3.963777 3.971567 3.978008 4.00315 4.039998 4.090678 4.152826 4.221176 4.28922 4.358328 4.427341 4.493653 4.556008 4.617391 4.681145 4.750096 4.827276 4.912742 4.992351 5.058591 5.085009 5.107925 5.161458 5.191167 5.193543 5.217884 5.208105 5.221891 5.217725 5.25329 5.282477 5.323619 5.364523 5.42129 5.466672 5.489519 5.48734 5.492934 5.507474 5.535604 5.563956 5.566157 5.621167 5.672018 5.706641 5.602418 5.553026 5.650332 5.800643 5.926282 6.021168 6.061484 6.05707 6.0151 5.937471 5.832171 5.702866 5.548554 5.364438
3.831109 3.838871 3.855387 3.880644 3.894144 3.955982 3.979264 4.01481 4.0208 4.017298 4.014726 4.017997 4.034709 4.064053 4.104952 4.161481 4.230335 4.305039 4.378245 4.450117 4.522522 4.592961 4.658261 4.718948 4.781601 4.848994 4.925238 5.008357 5.103947 5.2027 5.114033 5.118632 5.150866 5.154874 5.173389 5.20005 5.203886 5.224023 5.225255 5.279961 5.281302 5.304554 5.359587 5.418231 5.490922 5.530437 5.531426 5.549848 5.54472 5.503553 5.489847 5.559547 5.54241 5.534843 5.452663 5.28912 5.378075 5.548018 5.683481 5.795476 5.872885 5.910637 5.914942 5.889871 5.837572 5.761604 5.665485 5.549485 5.412197
3.971689 4.046214 3.989647 3.952924 3.96091 4.065835 4.106668 4.089324 4.073559 4.065283 4.061033 4.066871 4.086449 4.118577 4.163274 4.223865 4.298748 4.38087 4.463246 4.539414 4.616133 4.69109 4.759359 4.818682 4.879813 4.946515 5.019892 5.096972 5.121684 5.132741 5.104297 5.095349 5.11614 5.127812 5.143013 5.171229 5.201983 5.212901 5.248911 5.253362 5.285609 5.306192 5.380589 5.443592 5.493431 5.573327 5.593266 5.622946 5.557021 5.595602 5.593445 5.5303 5.392769 5.340796 5.254354 5.253539 5.376422 5.496538 5.603944 5.69853 5.763116 5.798317 5.808293 5.796286 5.763796 5.711663 5.642164 5.556617 5.45404
4.047997 4.151752 4.089493 4.024561 3.968001 4.08582 4.116928 4.108807 4.102351 4.099595 4.100472 4.111017 4.132931 4.165936 4.214318 4.278909 4.35928 4.449589 4.54167 4.626107 4.708417 4.789792 4.861263 4.913944 4.973016 5.043346 5.089462 5.081924 5.083971 5.075788 5.05951 5.086463 5.103269 5.132829 5.18938 5.186166 5.190567 5.220855 5.237475 5.258281 5.285031 5.302595 5.40732 5.527842 5.603049 5.660118 5.709699 5.696616 5.563045 5.606493 5.556419 5.397984 5.248037 5.225403 5.19898 5.251096 5.34391 5.439739 5.531839 5.61519 5.674036 5.710165 5.726383 5.725088 5.707673 5.675708 5.629473 5.569787 5.496653
4.02687 4.11443 4.113838 4.063079 4.041964 4.083218 4.110629 4.117873 4.121399 4.125699 4.132409 4.14745 4.172037 4.206657 4.256973 4.32662 4.41349 4.51245 4.613576 4.704612 4.798784 4.893435 4.96059 4.973674 5.002112 5.029046 5.040485 5.058867 5.052364 5.059957 5.080899 5.103851 5.13218 5.153945 5.169329 5.201447 5.220665 5.235843 5.245827 5.25896 5.281147 5.3269 5.430676 5.596759 5.666254 5.717361 5.760045 5.774772 5.691415 5.586737 5.480242 5.317477 5.236484 5.194158 5.178843 5.229603 5.302649 5.382868 5.463554 5.539876 5.59724 5.636522 5.659601 5.668688 5.664863 5.649628 5.623487 5.586827 5.539764
4.025796 4.068014 4.07602 4.039925 4.05259 4.084991 4.112225 4.127217 4.137946 4.148348 4.159481 4.177313 4.203523 4.239437 4.290107 4.366047 4.46237 4.572154 4.683339 4.772879 4.865509 4.931977 4.955598 4.963125 4.987126 5.013126 5.016372 5.030319 5.038083 5.073236 5.08031 5.102261 5.140025 5.144526 5.171147 5.208097 5.224035 5.233088 5.252422 5.290013 5.326554 5.353535 5.411535 5.49119 5.549891 5.645853 5.683531 5.613498 5.488473 5.382826 5.33588 5.254846 5.200367 5.155648 5.15281 5.19508 5.257064 5.326962 5.39926 5.470317 5.528176 5.572001 5.602672 5.621708 5.630692 5.630531 5.622325 5.606171 5.582436
-9999 4.044116 4.045307 4.042184 4.060061 4.089402 4.116751 4.136776 4.153329 4.168873 4.184359 4.202775 4.228228 4.262304 4.31163 4.395284 4.504739 4.633791 4.752542 4.849066 4.864204 4.895963 4.9292 4.944956 4.9741 4.993398 5.017988 5.027554 5.043139 5.045385 5.082171 5.112441 5.1431 5.137973 5.165865 5.187819 5.225952 5.276475 5.267218 5.309988 5.330433 5.356198 5.377531 5.399438 5.416333 5.41669 5.421402 5.421213 5.393386 5.35231 5.285149 5.21743 5.161345 5.11969 5.119831 5.154566 5.207694 5.270396 5.337021 5.40486 5.464274 5.513069 5.551453 5.580522 5.60146 5.615307 5.623336 5.62652 5.624814
-9999 4.028689 4.038098 4.050221 4.0678 4.093822 4.12086 4.145415 4.167472 4.188344 4.208745 4.227503 4.248524 4.274604 4.315989 4.408937 4.534671 4.707025 4.761065 4.818971 4.851136 4.879384 4.9172 4.925353 4.945986 4.972651 4.981473 5.007106 5.032099 5.042966 5.08214 5.114287 5.12454 5.139565 5.16297 5.201094 5.236831 5.253932 5.288635 5.298542 5.320507 5.342486 5.360215 5.373755 5.384023 5.391728 5.401582 5.393966 5.362633 5.315989 5.245604 5.180481 5.121309 5.082937 5.082334 5.110806 5.156697 5.212999 5.275654 5.341039 5.403164 5.457182 5.503387 5.542028 5.574371 5.601449 5.625057 5.645962 5.664659
-9999 -9999 4.049913 4.065461 4.078309 4.098841 4.124621 4.152403 4.18016 4.207251 4.233429 4.256208 4.273503 4.280787 4.306969 4.370934 4.602462 4.705736 4.756648 4.794106 4.81936 4.849524 4.898881 4.922986 4.93423 4.962486 4.991724 5.014338 5.020404 5.068112 5.092643 5.10654 5.111506 5.110806 5.14594 5.141885 5.179852 5.226979 5.261028 5.2831 5.307927 5.329111 5.34585 5.359068 5.370507 5.380718 5.384172 5.370958 5.336392 5.283584 5.211993 5.144204 5.081942 5.044353 5.041397 5.064526 5.104525 5.155786 5.214947 5.278246 5.342838 5.402233 5.45588 5.50383 5.546957 5.58672 5.624679 5.66179 5.698875
-9999 -9999 4.072727 4.08514 4.093682 4.104452 4.126672 4.156021 4.190781 4.226133 4.261436 4.290676 4.308326 4.2656 4.433508 4.579207 4.67484 4.713431 4.76228 4.778608 4.816048 4.837066 4.891859 4.908818 4.930553 4.966946 4.990282 5.024378 5.038375 5.06428 5.093438 5.099449 5.089717 5.102503 5.117898 5.131048 5.168108 5.215932 5.242796 5.267697 5.295485 5.317034 5.333285 5.346553 5.358025 5.36783 5.369077 5.350243 5.311563 5.254496 5.181062 5.108854 5.042623 5.003577 4.997267 5.015679 5.051027 5.098248 5.154483 5.216734 5.281454 5.346355 5.407095 5.463756 5.517076 5.568463 5.619431 5.671236 5.724528
-9999 -9999 -9999 4.108401 4.115547 4.118416 4.125018 4.151779 4.195879 4.2495 4.304105 4.356909 4.442104 4.484847 4.582397 4.642609 4.658771 4.722633 4.741047 4.771526 4.796177 4.83175 4.871237 4.881827 4.951611 4.967183 4.99264 5.018373 5.034384 5.063582 5.082709 5.124542 5.113989 5.125526 5.143635 5.16359 5.19017 5.230772 5.239511 5.255031 5.284815 5.306653 5.322237 5.334902 5.345703 5.354592 5.355376 5.332789 5.289775 5.229237 5.152542 5.074798 5.003012 4.960519 4.950042 4.964312 4.995762 5.040092 5.094409 5.156013 5.220867 5.288084 5.355425 5.419851 5.482244 5.544097 5.606355 5.670309 5.737057
-9999 -9999 -9999 4.134272 4.140339 4.144844 4.143352 4.128129 4.19209 4.282701 4.362864 4.4393 4.503391 4.537023 4.579198 4.623637 4.668653 4.714489 4.75693 4.791489 4.814296 4.867977 4.892848 4.908152 4.973004 4.961488 4.986936 5.010027 5.030254 5.068191 5.083299 5.130877 5.138612 5.150224 5.169004 5.191001 5.214975 5.232185 5.221004 5.249609 5.275662 5.298717 5.312738 5.324164 5.33404 5.341792 5.343408 5.319613 5.272556 5.208404 5.127573 5.042769 4.963549 4.91484 4.899711 4.910114 4.938447 4.980757 5.034236 5.096011 5.161546 5.229855 5.300133 5.371066 5.440997 5.510857 5.582103 5.655509 5.731712
-9999 -9999 -9999 -9999 4.165759 4.175109 4.220752 4.26838 4.340792 4.382224 4.442142 4.465842 4.507814 4.544464 4.576595 4.622587 4.617867 4.69507 4.725455 4.792997 4.837038 4.853114 4.908814 4.979808 5.002298 4.96582 4.940669 5.014667 5.05693 5.087297 5.108817 5.121387 5.162034 5.169978 5.188799 5.212106 5.22 5.244319 5.23 5.253579 5.269949 5.293525 5.305703 5.314722 5.322702 5.329211 5.333082 5.312011 5.261516 5.1931 5.107274 5.014584 4.926364 4.86635 4.846004 4.852509 4.878674 4.920014 4.974377 5.037106 5.103706 5.173412 5.245282 5.318389 5.392693 5.468644 5.546491 5.626291 5.708284
-9999 -9999 -9999 -9999 4.172285 4.236335 4.284774 4.317312 4.363874 4.397116 4.445727 4.458797 4.504585 4.522959 4.58312 4.598448 4.61528 4.700955 4.748204 4.777494 4.81212 4.891869 4.935398 5.070486 5.154428 5.183927 5.14756 5.094303 5.07894 5.103 5.117481 5.159905 5.17699 5.183702 5.19926 5.207732 5.22837 5.234836 5.252959 5.266196 5.257052 5.284945 5.30437 5.302082 5.312867 5.318473 5.323124 5.310874 5.258976 5.183618 5.092822 4.99277 4.893878 4.815262 4.788134 4.790725 4.815874 4.858638 4.915555 4.97949 5.047489 5.11874 5.191901 5.266831 5.343808 5.423202 5.505189 5.58995 5.678297
-9999 -9999 -9999 -9999 4.211526 4.243815 4.283888 4.341318 4.373881 4.423194 4.439593 4.472286 4.509991 4.520752 4.577122 4.614328 4.662497 4.751102 4.765918 4.782609 4.842997 4.923689 5.035862 5.161965 5.299275 5.341391 5.302571 5.217791 5.099835 5.120678 5.150198 5.162011 5.173662 5.17002 5.205492 5.226764 5.2353 5.236886 5.255888 5.260323 5.261697 5.28245 5.282768 5.320438 5.322873 5.314129 5.313066 5.312905 5.264986 5.180807 5.087325 4.982015 4.86846 4.764072 4.72376 4.723657 4.750658 4.798343 4.858219 4.923421 4.992743 5.065193 5.139616 5.216376 5.295808 5.37851 5.464355 5.553883 5.648198
-9999 -9999 -9999 -9999 -9999 4.259006 4.297314 4.349047 4.400068 4.42139 4.432631 4.46747 4.476073 4.514884 4.577133 4.616793 4.693053 4.864452 4.863942 4.964673 5.015157 5.112549 5.225041 5.303924 5.397879 5.42778 5.409898 5.326484 5.18209 5.128242 5.127205 5.158916 5.156512 5.159298 5.206909 5.209455 5.216413 5.221848 5.23353 5.265804 5.258737 5.279119 5.283882 5.281932 5.338887 5.326498 5.31043 5.320045 5.282174 5.196589 5.099348 4.986571 4.85955 4.726727 4.650583 4.649515 4.685821 4.741596 4.803422 4.869489 4.939316 5.012276 5.087686 5.16618 5.247929 5.333631 5.423425 5.517724 5.617577
-9999 -9999 -9999 -9999 -9999 4.255146 4.285826 4.323249 4.378416 4.409266 4.420897 4.464102 4.509029 4.547881 4.614794 4.637665 4.785249 4.908826 5.017651 5.04789 5.05899 5.233609 5.322483 5.386524 5.447605 5.472066 5.453938 5.322121 5.219229 5.136512 5.121433 5.153703 5.159499 5.177606 5.19768 5.193635 5.218566 5.222076 5.231333 5.258217 5.256453 5.265341 5.268744 5.292274 5.289866 5.301686 5.327012 5.284676 5.32398 5.270715 5.159258 5.031517 4.884033 4.721592 4.56521 4.575072 4.630071 4.688961 4.751252 4.817196 4.886931 4.960031 5.036016 5.115627 5.199364 5.287842 5.381722 5.480866 5.586461
-9999 -9999 -9999 -9999 -9999 -9999 4.27736 4.323447 4.364488 4.400082 4.405528 4.495136 4.576271 4.616883 4.708404 4.74481 4.888817 4.926532 5.023874 5.082923 5.133595 5.278187 5.37313 5.461431 5.465699 5.460055 5.447038 5.377818 5.263906 5.171987 5.139467 5.128138 5.159822 5.141611 5.182406 5.191616 5.200567 5.222556 5.228176 5.243953 5.242423 5.258198 5.264834 5.276712 5.279604 5.286665 5.303626 5.303208 5.344447 5.315098 5.3001 5.266089 5.029053 4.800366 4.542477 4.512357 4.580712 4.64085 4.701952 4.766159 4.83503 4.907556 4.983566 5.063856 5.148894 5.240482 5.338454 5.442719 5.553774
-9999 -9999 -9999 -9999 -9999 -9999 4.289038 4.302623 4.349069 4.377839 4.428266 4.57684 4.661459 4.723623 4.811929 4.856361 4.88952 4.969827 5.074851 5.137848 5.197608 5.270434 5.351002 5.43208 5.431478 5.441163 5.44628 5.433848 5.366279 5.25812 5.181122 5.147454 5.146767 5.159624 5.177559 5.205176 5.207044 5.218123 5.226682 5.239418 5.248946 5.260931 5.273959 5.325595 5.287155 5.288627 5.294353 5.291516 5.290403 5.2693 5.124486 5.085238 4.961316 4.835509 4.641768 4.508942 4.538769 4.597327 4.655287 4.716541 4.782389 4.853256 4.927969 5.008122 5.095141 5.190013 5.292753 5.402061 5.517831
